Date,2020-11-17 12:08:02
Filename,STFCB-20201012-0105-0133_20201117_120605_002.dat
Data Label,정상
Label No,00
Motor Spec,L-CAHU-01R,1765,11,21.8,
Period,1SEC
Sample Rate,2000
RMS,15.13238,14.31109,14.50333,
Data Length,2000,
0,-19.053588867188,8.4132080078125,9.7344970703125,
0.0005,-18.653198242188,4.4493408203125,13.338012695312,
0.001,-17.492065429688,0.6055908203125,16.100708007812,
0.0015,-16.090698242188,-2.5174560546875,17.782348632812,
0.002,-14.409057617188,-5.3201904296875,18.863403320312,
0.0025,-11.486206054688,-7.9627685546875,18.703247070312,
0.003,-7.1219482421875,-11.646362304688,18.102661132812,
0.0035,-2.9578857421875,-14.769409179688,17.301879882812,
0.004,1.4464111328125,-17.131713867188,15.540161132812,
0.0045,4.2891845703125,-18.252807617188,14.018676757812,
0.005,7.0118408203125,-18.533081054688,11.776489257812,
0.0055,9.8946533203125,-18.493041992188,9.0538330078125,
0.006,13.658325195312,-17.732299804688,4.7296142578125,
0.0065,16.461059570312,-16.451049804688,0.6856689453125,
0.007,18.302856445312,-15.009643554688,-2.5975341796875,
0.0075,19.143676757812,-13.047729492188,-5.3201904296875,
0.008,19.063598632812,-10.325073242188,-7.9627685546875,
0.0085,18.903442382812,-6.8016357421875,-11.286010742188,
0.009,18.503051757812,-3.3582763671875,-14.489135742188,
0.0095,17.101684570312,0.7257080078125,-17.051635742188,
0.01,15.420043945312,3.6885986328125,-18.332885742188,
0.0105,13.257934570312,6.3712158203125,-18.933471679688,
0.011,10.094848632812,9.0938720703125,-19.133666992188,
0.0115,5.2901611328125,13.057739257812,-17.892456054688,
0.012,1.1260986328125,15.860473632812,-16.691284179688,
0.0125,-2.5975341796875,17.782348632812,-15.169799804688,
0.013,-5.4403076171875,18.583129882812,-13.408081054688,
0.0135,-8.2030029296875,18.543090820312,-10.765502929688,
0.014,-11.486206054688,18.262817382812,-7.4022216796875,
0.0145,-14.889526367188,17.421997070312,-3.3983154296875,
0.015,-17.492065429688,15.820434570312,0.8858642578125,
0.0155,-18.853393554688,14.258911132812,3.6885986328125,
0.016,-19.373901367188,12.016723632812,6.4512939453125,
0.0165,-19.293823242188,9.2139892578125,9.1739501953125,
0.017,-18.773315429688,5.2501220703125,12.737426757812,
0.0175,-18.132690429688,1.7266845703125,15.620239257812,
0.018,-16.731323242188,-1.9969482421875,17.902465820312,
0.0185,-14.889526367188,-4.7596435546875,18.863403320312,
0.019,-12.206909179688,-7.4022216796875,18.903442382812,
0.0195,-8.8035888671875,-10.645385742188,18.823364257812,
0.02,-3.9989013671875,-14.248901367188,17.742309570312,
0.0205,0.4854736328125,-16.691284179688,15.980590820312,
0.021,3.5684814453125,-18.252807617188,14.659301757812,
0.0215,6.3712158203125,-18.853393554688,12.657348632812,
0.022,9.1339111328125,-18.573120117188,9.8546142578125,
0.0225,12.657348632812,-18.092651367188,6.0108642578125,
0.023,15.820434570312,-17.171752929688,2.0469970703125,
0.0235,18.182739257812,-15.490112304688,-1.9569091796875,
0.024,19.063598632812,-13.768432617188,-4.5594482421875,
0.0245,19.343872070312,-11.245971679688,-7.3221435546875,
0.025,19.263793945312,-8.2030029296875,-10.325073242188,
0.0255,18.743286132812,-4.2391357421875,-13.768432617188,
0.026,17.582153320312,-0.5155029296875,-16.370971679688,
0.0265,16.180786132812,2.8477783203125,-18.292846679688,
0.027,14.098754882812,5.5704345703125,-18.973510742188,
0.0275,11.135864257812,8.2930908203125,-18.813354492188,
0.028,7.0118408203125,11.856567382812,-18.453002929688,
0.0285,2.5675048828125,15.179809570312,-17.411987304688,
0.029,-1.8768310546875,17.421997070312,-15.450073242188,
0.0295,-4.5194091796875,18.422973632812,-14.048706054688,
0.03,-7.3621826171875,18.823364257812,-11.846557617188,
0.0305,-10.405151367188,18.463012695312,-8.6434326171875,
0.031,-13.888549804688,17.742309570312,-4.5994873046875,
0.0315,-16.731323242188,16.501098632812,-0.6356201171875,
0.032,-18.773315429688,14.859497070312,3.0880126953125,
0.0325,-19.293823242188,12.777465820312,5.6104736328125,
0.033,-19.494018554688,10.094848632812,8.4532470703125,
0.0335,-19.213745117188,6.5714111328125,11.696411132812,
0.034,-18.693237304688,2.8477783203125,15.019653320312,
0.0345,-17.171752929688,-1.0760498046875,17.381958007812,
0.035,-15.650268554688,-3.9989013671875,18.823364257812,
0.0355,-13.448120117188,-6.7215576171875,19.343872070312,
0.036,-9.9647216796875,-9.6844482421875,18.943481445312,
0.0365,-5.5203857421875,-13.127807617188,18.142700195312,
0.037,-1.1160888671875,-16.210815429688,16.901489257812,
0.0375,3.0079345703125,-18.212768554688,15.139770507812,
0.038,5.5704345703125,-18.733276367188,13.338012695312,
0.0385,8.3731689453125,-18.933471679688,10.975708007812,
0.039,11.816528320312,-18.573120117188,7.2120361328125,
0.0395,15.099731445312,-17.692260742188,3.2081298828125,
0.04,17.702270507812,-16.210815429688,-0.7957763671875,
0.0405,19.343872070312,-14.609252929688,-3.9989013671875,
0.041,19.704223632812,-12.286987304688,-6.6815185546875,
0.0415,19.544067382812,-9.1239013671875,-9.6444091796875,
0.042,19.223754882812,-5.4403076171875,-13.007690429688,
0.0425,18.543090820312,-1.5965576171875,-16.170776367188,
0.043,16.821411132812,2.2872314453125,-18.332885742188,
0.0435,14.899536132812,5.0098876953125,-19.213745117188,
0.044,12.417114257812,7.8526611328125,-19.614135742188,
0.0445,8.2130126953125,11.416137695312,-19.093627929688,
0.045,3.8087158203125,14.659301757812,-18.092651367188,
0.0455,-0.6756591796875,17.221801757812,-16.411010742188,
0.046,-4.3592529296875,19.063598632812,-14.849487304688,
0.0465,-7.0819091796875,19.343872070312,-12.527221679688,
0.047,-9.8846435546875,19.223754882812,-9.9246826171875,
0.0475,-13.608276367188,18.663208007812,-5.8006591796875,
0.048,-16.811401367188,17.421997070312,-1.4764404296875,
0.0485,-19.093627929688,15.660278320312,2.5274658203125,
0.049,-20.214721679688,13.818481445312,5.4503173828125,
0.0495,-20.575073242188,11.215942382812,8.3331298828125,
0.05,-20.334838867188,7.5323486328125,11.816528320312,
0.0505,-19.614135742188,3.8087158203125,14.979614257812,
0.051,-18.453002929688,-0.2752685546875,17.782348632812,
0.0515,-16.691284179688,-4.0389404296875,19.864379882812,
0.052,-14.288940429688,-6.6414794921875,20.144653320312,
0.0525,-11.526245117188,-9.5242919921875,20.304809570312,
0.053,-6.6414794921875,-13.448120117188,19.504028320312,
0.0535,-1.9569091796875,-16.611206054688,18.102661132812,
0.054,2.3673095703125,-18.733276367188,16.260864257812,
0.0545,5.6905517578125,-20.094604492188,14.579223632812,
0.055,8.4932861328125,-20.134643554688,11.976684570312,
0.0555,11.816528320312,-19.734252929688,8.3731689453125,
0.056,15.380004882812,-19.093627929688,4.4093017578125,
0.0565,18.503051757812,-17.532104492188,-0.1551513671875,
0.057,20.464965820312,-15.690307617188,-3.9989013671875,
0.0575,20.945434570312,-13.328002929688,-6.7615966796875,
0.058,21.105590820312,-10.565307617188,-9.6444091796875,
0.0585,20.625122070312,-6.1610107421875,-13.608276367188,
0.059,19.864379882812,-2.3973388671875,-16.651245117188,
0.0595,18.222778320312,1.5665283203125,-18.973510742188,
0.06,16.461059570312,5.1700439453125,-20.855346679688,
0.0605,13.418090820312,7.9727783203125,-20.695190429688,
0.061,9.8946533203125,11.055786132812,-20.775268554688,
0.0615,5.1300048828125,14.979614257812,-19.614135742188,
0.062,0.0450439453125,18.062622070312,-17.892456054688,
0.0625,-3.9588623046875,19.824340820312,-15.890502929688,
0.063,-6.9217529296875,20.585083007812,-13.968627929688,
0.0635,-9.9647216796875,20.585083007812,-11.205932617188,
0.064,-13.808471679688,19.704223632812,-6.6815185546875,
0.0645,-16.971557617188,18.783325195312,-2.6375732421875,
0.065,-19.614135742188,16.981567382812,1.6466064453125,
0.0655,-21.375854492188,15.059692382812,5.4102783203125,
0.066,-21.576049804688,12.176879882812,8.1729736328125,
0.0665,-21.455932617188,9.2540283203125,11.215942382812,
0.067,-20.735229492188,4.7296142578125,15.059692382812,
0.0675,-19.614135742188,0.5655517578125,18.102661132812,
0.068,-17.692260742188,-3.2381591796875,19.984497070312,
0.0685,-15.850463867188,-6.4012451171875,21.345825195312,
0.069,-12.487182617188,-9.2440185546875,21.105590820312,
0.0695,-8.2030029296875,-12.967651367188,20.464965820312,
0.07,-3.7186279296875,-16.170776367188,19.383911132812,
0.0705,1.4464111328125,-19.053588867188,17.341918945312,
0.071,5.1300048828125,-20.535034179688,15.460083007812,
0.0715,8.0128173828125,-20.695190429688,12.977661132812,
0.072,10.975708007812,-20.815307617188,10.295043945312,
0.0725,15.059692382812,-19.774291992188,5.3702392578125,
0.073,18.142700195312,-18.453002929688,1.1260986328125,
0.0735,20.424926757812,-16.611206054688,-2.9578857421875,
0.074,21.666137695312,-14.529174804688,-6.2811279296875,
0.0745,21.505981445312,-11.486206054688,-9.1239013671875,
0.075,21.265747070312,-7.8826904296875,-12.607299804688,
0.0755,20.625122070312,-3.8787841796875,-15.970581054688,
0.076,19.183715820312,0.6055908203125,-18.933471679688,
0.0765,17.101684570312,4.3292236328125,-20.615112304688,
0.077,14.739379882812,7.1719970703125,-21.175659179688,
0.0775,11.736450195312,10.214965820312,-21.175659179688,
0.078,6.2510986328125,14.379028320312,-20.134643554688,
0.0785,1.9268798828125,17.301879882812,-18.933471679688,
0.079,-2.7176513671875,19.584106445312,-16.931518554688,
0.0795,-6.2811279296875,20.985473632812,-14.929565429688,
0.08,-9.1239013671875,20.665161132812,-12.046752929688,
0.0805,-12.327026367188,20.505004882812,-8.8836669921875,
0.081,-16.370971679688,19.423950195312,-4.1590576171875,
0.0815,-19.373901367188,17.782348632812,0.7257080078125,
0.082,-21.135620117188,15.860473632812,4.3292236328125,
0.0825,-21.936401367188,13.538208007812,7.4122314453125,
0.083,-21.776245117188,10.495239257812,10.295043945312,
0.0835,-21.215698242188,6.0509033203125,14.218872070312,
0.084,-20.454956054688,2.2471923828125,17.261840820312,
0.0845,-18.853393554688,-2.0770263671875,19.904418945312,
0.085,-16.691284179688,-5.6405029296875,21.465942382812,
0.0855,-13.768432617188,-8.4432373046875,21.345825195312,
0.086,-10.605346679688,-11.526245117188,21.425903320312,
0.0865,-4.8797607421875,-15.690307617188,20.024536132812,
0.087,0.0850830078125,-18.573120117188,18.262817382812,
0.0875,3.9688720703125,-20.374877929688,16.380981445312,
0.088,7.3321533203125,-21.455932617188,14.298950195312,
0.0885,10.415161132812,-21.055541992188,11.015747070312,
0.089,14.138793945312,-20.494995117188,6.8917236328125,
0.0895,17.582153320312,-19.453979492188,2.6876220703125,
0.09,20.464965820312,-17.452026367188,-2.1571044921875,
0.0905,21.786254882812,-15.410034179688,-5.4403076171875,
0.091,22.066528320312,-12.607299804688,-8.6033935546875,
0.0915,21.986450195312,-9.6043701171875,-11.486206054688,
0.092,21.145629882812,-4.7596435546875,-15.570190429688,
0.0925,19.984497070312,-0.6756591796875,-18.453002929688,
0.093,18.222778320312,3.2481689453125,-20.655151367188,
0.0935,16.020629882812,6.6915283203125,-21.936401367188,
0.094,12.417114257812,9.7344970703125,-21.455932617188,
0.0945,8.4932861328125,13.217895507812,-21.135620117188,
0.095,3.3682861328125,16.981567382812,-20.014526367188,
0.0955,-1.9969482421875,19.744262695312,-17.652221679688,
0.096,-5.4002685546875,21.025512695312,-15.770385742188,
0.0965,-8.6033935546875,21.546020507812,-13.448120117188,
0.097,-11.726440429688,21.225708007812,-10.044799804688,
0.0975,-15.730346679688,20.144653320312,-5.2000732421875,
0.098,-18.933471679688,18.863403320312,-0.8358154296875,
0.0985,-21.375854492188,16.781372070312,3.6485595703125,
0.099,-22.296752929688,14.499145507812,6.7716064453125,
0.0995,-22.256713867188,11.255981445312,9.9747314453125,
0.1,-22.016479492188,7.8526611328125,13.137817382812,
0.1005,-21.135620117188,3.3282470703125,16.941528320312,
0.101,-19.453979492188,-1.2362060546875,19.704223632812,
0.1015,-17.572143554688,-4.6795654296875,21.305786132812,
0.102,-15.249877929688,-7.8426513671875,22.226684570312,
0.1025,-11.486206054688,-10.885620117188,21.586059570312,
0.103,-6.5614013671875,-14.729370117188,20.665161132812,
0.1035,-1.8367919921875,-17.972534179688,19.383911132812,
0.104,3.2481689453125,-20.454956054688,17.101684570312,
0.1045,6.4112548828125,-21.335815429688,15.059692382812,
0.105,9.5343017578125,-21.495971679688,12.176879882812,
0.1055,12.817504882812,-21.055541992188,8.8135986328125,
0.106,16.701293945312,-19.894409179688,3.9288330078125,
0.1065,19.704223632812,-18.212768554688,-0.6756591796875,
0.107,21.626098632812,-16.250854492188,-4.5194091796875,
0.1075,22.266723632812,-13.808471679688,-7.5623779296875,
0.108,21.946411132812,-10.405151367188,-10.645385742188,
0.1085,21.465942382812,-6.4412841796875,-14.128784179688,
0.109,20.705200195312,-2.3973388671875,-17.492065429688,
0.1095,18.783325195312,2.2071533203125,-20.054565429688,
0.11,16.621215820312,5.4903564453125,-21.295776367188,
0.1105,13.978637695312,8.5333251953125,-21.776245117188,
0.111,10.174926757812,11.776489257812,-21.295776367188,
0.1115,4.8096923828125,15.660278320312,-20.054565429688,
0.112,0.1651611328125,18.543090820312,-18.493041992188,
0.1125,-4.3192138671875,20.505004882812,-16.531127929688,
0.113,-7.3221435546875,21.185668945312,-14.328979492188,
0.1135,-10.525268554688,21.065551757812,-11.045776367188,
0.114,-13.968627929688,20.545043945312,-7.3621826171875,
0.1145,-17.652221679688,19.343872070312,-2.5975341796875,
0.115,-20.374877929688,17.301879882812,2.1671142578125,
0.1155,-21.816284179688,15.339965820312,5.4503173828125,
0.116,-22.296752929688,12.657348632812,8.6534423828125,
0.1165,-21.976440429688,9.2139892578125,11.816528320312,
0.117,-21.255737304688,4.8096923828125,15.500122070312,
0.1175,-20.214721679688,0.7657470703125,18.543090820312,
0.118,-18.372924804688,-3.5985107421875,21.025512695312,
0.1185,-16.010620117188,-6.6815185546875,21.786254882812,
0.119,-12.887573242188,-9.7645263671875,21.906372070312,
0.1195,-8.7635498046875,-13.328002929688,21.425903320312,
0.12,-3.3582763671875,-17.131713867188,19.944458007812,
0.1205,1.7266845703125,-19.694213867188,17.862426757812,
0.121,5.2501220703125,-21.495971679688,16.060668945312,
0.1215,8.5733642578125,-21.736206054688,13.498168945312,
0.122,11.816528320312,-21.295776367188,9.9747314453125,
0.1225,15.580200195312,-20.575073242188,5.6905517578125,
0.123,18.983520507812,-19.173706054688,1.0860595703125,
0.1235,21.505981445312,-17.011596679688,-3.5985107421875,
0.124,22.346801757812,-14.809448242188,-6.6414794921875,
0.1245,22.627075195312,-11.806518554688,-9.9246826171875,
0.125,22.226684570312,-7.8426513671875,-13.448120117188,
0.1255,21.305786132812,-3.4783935546875,-17.011596679688,
0.126,19.744262695312,0.8858642578125,-19.734252929688,
0.1265,17.862426757812,4.8897705078125,-21.896362304688,
0.127,15.059692382812,7.9327392578125,-22.256713867188,
0.1275,11.496215820312,11.175903320312,-21.976440429688,
0.128,6.7315673828125,14.939575195312,-21.255737304688,
0.1285,1.5665283203125,18.422973632812,-19.734252929688,
0.129,-3.4783935546875,20.665161132812,-17.171752929688,
0.1295,-6.6815185546875,21.786254882812,-15.410034179688,
0.13,-9.8846435546875,21.946411132812,-12.607299804688,
0.1305,-13.448120117188,21.225708007812,-8.4832763671875,
0.131,-17.051635742188,20.224731445312,-4.0389404296875,
0.1315,-20.214721679688,18.543090820312,0.7257080078125,
0.132,-22.296752929688,16.461059570312,5.1700439453125,
0.1325,-22.657104492188,13.658325195312,7.9727783203125,
0.133,-22.777221679688,10.455200195312,11.255981445312,
0.1335,-22.096557617188,6.1710205078125,15.019653320312,
0.134,-21.135620117188,1.8468017578125,18.382934570312,
0.1345,-19.133666992188,-2.5174560546875,20.665161132812,
0.135,-17.171752929688,-6.0809326171875,22.346801757812,
0.1355,-14.168823242188,-9.1239013671875,22.466918945312,
0.136,-10.004760742188,-12.527221679688,21.826293945312,
0.1365,-5.2401123046875,-16.090698242188,20.785278320312,
0.137,0.0450439453125,-19.373901367188,18.903442382812,
0.1375,4.6094970703125,-21.255737304688,16.621215820312,
0.138,7.5323486328125,-21.696166992188,14.379028320312,
0.1385,10.735473632812,-21.776245117188,11.536254882812,
0.139,14.579223632812,-20.895385742188,7.0118408203125,
0.1395,17.942504882812,-19.694213867188,2.5675048828125,
0.14,20.464965820312,-17.852416992188,-1.9168701171875,
0.1405,22.346801757812,-15.730346679688,-5.6405029296875,
0.141,22.426879882812,-12.847534179688,-8.6834716796875,
0.1415,22.266723632812,-9.3240966796875,-12.046752929688,
0.142,21.505981445312,-5.1199951171875,-15.530151367188,
0.1425,20.424926757812,-0.7957763671875,-18.773315429688,
0.143,18.262817382812,3.4483642578125,-20.855346679688,
0.1435,16.020629882812,6.4913330078125,-21.736206054688,
0.144,13.097778320312,9.5743408203125,-21.976440429688,
0.1445,8.2930908203125,13.418090820312,-21.095581054688,
0.145,3.6885986328125,16.581176757812,-19.934448242188,
0.1455,-1.2762451171875,19.263793945312,-17.932495117188,
0.146,-5.3201904296875,21.105590820312,-15.970581054688,
0.1465,-8.1229248046875,21.105590820312,-13.408081054688,
0.147,-11.205932617188,21.025512695312,-10.445190429688,
0.1475,-15.169799804688,20.184692382812,-5.8006591796875,
0.148,-18.412963867188,18.743286132812,-1.2762451171875,
0.1485,-20.655151367188,16.781372070312,2.9278564453125,
0.149,-21.936401367188,14.699340820312,6.2110595703125,
0.1495,-22.016479492188,11.816528320312,9.2139892578125,
0.15,-21.736206054688,7.8126220703125,12.857543945312,
0.1505,-20.935424804688,3.9688720703125,16.020629882812,
0.151,-19.574096679688,-0.3953857421875,19.023559570312,
0.1515,-17.652221679688,-4.3592529296875,21.105590820312,
0.152,-15.089721679688,-7.1219482421875,21.385864257812,
0.1525,-12.246948242188,-10.164916992188,21.586059570312,
0.153,-7.0418701171875,-14.288940429688,20.585083007812,
0.1535,-2.2371826171875,-17.331909179688,19.143676757812,
0.154,2.2471923828125,-19.494018554688,17.141723632812,
0.1545,5.8106689453125,-21.055541992188,15.339965820312,
0.155,8.7735595703125,-20.895385742188,12.537231445312,
0.1555,12.096801757812,-20.494995117188,8.9737548828125,
0.156,15.740356445312,-19.814331054688,4.8096923828125,
0.1565,18.903442382812,-18.092651367188,0.1251220703125,
0.157,20.865356445312,-16.170776367188,-3.8387451171875,
0.1575,21.465942382812,-13.808471679688,-6.7615966796875,
0.158,21.666137695312,-11.045776367188,-9.7645263671875,
0.1585,21.105590820312,-6.5614013671875,-13.768432617188,
0.159,20.304809570312,-2.7576904296875,-16.691284179688,
0.1595,18.623168945312,1.2862548828125,-19.093627929688,
0.16,16.821411132812,5.0499267578125,-21.015502929688,
0.1605,13.778442382812,7.8126220703125,-20.855346679688,
0.161,10.535278320312,10.855590820312,-20.855346679688,
0.1615,5.5704345703125,14.819458007812,-19.934448242188,
0.162,0.5655517578125,17.902465820312,-18.172729492188,
0.1625,-3.4783935546875,19.664184570312,-16.210815429688,
0.163,-6.5614013671875,20.625122070312,-14.328979492188,
0.1635,-9.5242919921875,20.585083007812,-11.566284179688,
0.164,-13.287963867188,19.784301757812,-7.2420654296875,
0.1645,-16.411010742188,19.063598632812,-3.1580810546875,
0.165,-19.213745117188,17.181762695312,1.1661376953125,
0.1655,-21.015502929688,15.219848632812,4.8096923828125,
0.166,-21.135620117188,12.577270507812,7.6124267578125,
0.1665,-21.295776367188,9.7344970703125,10.575317382812,
0.167,-20.695190429688,5.2501220703125,14.539184570312,
0.1675,-19.614135742188,1.2462158203125,17.542114257812,
0.168,-17.892456054688,-2.5574951171875,19.504028320312,
0.1685,-16.090698242188,-5.7606201171875,20.985473632812,
0.169,-12.967651367188,-8.6834716796875,20.785278320312,
0.1695,-8.7635498046875,-12.206909179688,20.264770507812,
0.17,-4.3592529296875,-15.490112304688,19.343872070312,
0.1705,0.7657470703125,-18.292846679688,17.341918945312,
0.171,4.4093017578125,-19.894409179688,15.540161132812,
0.1715,7.1719970703125,-20.214721679688,13.257934570312,
0.172,10.054809570312,-20.334838867188,10.735473632812,
0.1725,14.138793945312,-19.413940429688,5.8907470703125,
0.173,17.141723632812,-18.212768554688,1.8468017578125,
0.1735,19.383911132812,-16.531127929688,-2.0770263671875,
0.174,20.785278320312,-14.609252929688,-5.3602294921875,
0.1745,20.705200195312,-11.766479492188,-8.0828857421875,
0.175,20.625122070312,-8.4031982421875,-11.406127929688,
0.1755,20.104614257812,-4.5594482421875,-15.089721679688,
0.176,18.743286132812,-0.3153076171875,-17.692260742188,
0.1765,16.941528320312,3.3282470703125,-19.413940429688,
0.177,14.779418945312,6.0909423828125,-20.214721679688,
0.1775,12.056762695312,8.9737548828125,-20.374877929688,
0.178,6.8917236328125,12.977661132812,-19.373901367188,
0.1785,2.8077392578125,15.860473632812,-18.292846679688,
0.179,-1.5965576171875,18.182739257812,-16.531127929688,
0.1795,-5.0399169921875,19.664184570312,-14.769409179688,
0.18,-7.7225341796875,19.504028320312,-12.126831054688,
0.1805,-10.685424804688,19.463989257812,-9.3240966796875,
0.181,-14.529174804688,18.703247070312,-4.9197998046875,
0.1815,-17.452026367188,17.141723632812,-0.5955810546875,
0.182,-19.253784179688,15.500122070312,2.8878173828125,
0.1825,-20.214721679688,13.458129882812,5.8106689453125,
0.183,-20.214721679688,10.815551757812,8.4532470703125,
0.1835,-19.934448242188,6.7716064453125,12.256958007812,
0.184,-19.333862304688,3.1680908203125,15.099731445312,
0.1845,-17.972534179688,-0.6756591796875,17.742309570312,
0.185,-16.290893554688,-4.0389404296875,19.383911132812,
0.1855,-13.728393554688,-6.5614013671875,19.463989257812,
0.186,-11.045776367188,-9.4442138671875,19.704223632812,
0.1865,-5.8006591796875,-13.448120117188,18.703247070312,
0.187,-1.3563232421875,-16.250854492188,17.181762695312,
0.1875,2.2471923828125,-18.052612304688,15.660278320312,
0.188,5.3702392578125,-19.253784179688,13.978637695312,
0.1885,8.0528564453125,-19.093627929688,11.336059570312,
0.189,11.496215820312,-18.693237304688,7.6925048828125,
0.1895,14.819458007812,-18.132690429688,3.9688720703125,
0.19,17.582153320312,-16.531127929688,-0.3153076171875,
0.1905,19.103637695312,-14.889526367188,-3.3983154296875,
0.191,19.504028320312,-12.607299804688,-6.1209716796875,
0.1915,19.704223632812,-10.204956054688,-8.7235107421875,
0.192,19.223754882812,-5.8006591796875,-12.687377929688,
0.1925,18.422973632812,-2.2772216796875,-15.410034179688,
0.193,17.021606445312,1.2061767578125,-17.572143554688,
0.1935,15.420043945312,4.4093017578125,-19.093627929688,
0.194,12.537231445312,7.0118408203125,-18.933471679688,
0.1945,9.1339111328125,10.214965820312,-18.773315429688,
0.195,4.7696533203125,13.778442382812,-18.132690429688,
0.1955,0.0450439453125,16.501098632812,-16.290893554688,
0.196,-3.0780029296875,17.902465820312,-14.849487304688,
0.1965,-5.9207763671875,18.663208007812,-13.007690429688,
0.197,-8.5233154296875,18.703247070312,-10.605346679688,
0.1975,-12.447143554688,17.982543945312,-6.2010498046875,
0.198,-15.410034179688,17.141723632812,-2.5574951171875,
0.1985,-17.732299804688,15.660278320312,1.2462158203125,
0.199,-19.013549804688,14.018676757812,4.1290283203125,
0.1995,-19.093627929688,11.496215820312,6.7315673828125,
0.2,-19.253784179688,8.6934814453125,9.6544189453125,
0.2005,-18.893432617188,4.7296142578125,13.297973632812,
0.201,-17.812377929688,0.8458251953125,16.020629882812,
0.2015,-16.330932617188,-2.2772216796875,17.742309570312,
0.202,-14.689331054688,-5.0799560546875,18.903442382812,
0.2025,-11.846557617188,-7.6824951171875,18.823364257812,
0.203,-7.6024169921875,-11.526245117188,18.222778320312,
0.2035,-3.4783935546875,-14.489135742188,17.421997070312,
0.204,0.9659423828125,-16.851440429688,15.700317382812,
0.2045,3.8887939453125,-18.132690429688,14.218872070312,
0.205,6.5714111328125,-18.372924804688,12.016723632812,
0.2055,9.3341064453125,-18.453002929688,9.4542236328125,
0.206,13.177856445312,-17.732299804688,5.1300048828125,
0.2065,16.060668945312,-16.531127929688,1.1260986328125,
0.207,17.902465820312,-15.089721679688,-2.0770263671875,
0.2075,18.863403320312,-13.287963867188,-4.7996826171875,
0.208,18.823364257812,-10.725463867188,-7.3621826171875,
0.2085,18.703247070312,-7.2420654296875,-10.725463867188,
0.209,18.382934570312,-3.8787841796875,-13.888549804688,
0.2095,17.101684570312,0.1251220703125,-16.451049804688,
0.21,15.500122070312,3.1280517578125,-17.852416992188,
0.2105,13.338012695312,5.7305908203125,-18.412963867188,
0.211,10.735473632812,8.4532470703125,-18.533081054688,
0.2115,5.7305908203125,12.337036132812,-17.612182617188,
0.212,1.6866455078125,15.059692382812,-16.491088867188,
0.2125,-1.9569091796875,17.021606445312,-15.089721679688,
0.213,-4.7996826171875,18.062622070312,-13.488159179688,
0.2135,-7.4422607421875,18.022583007812,-10.965698242188,
0.214,-10.605346679688,17.902465820312,-7.8426513671875,
0.2145,-14.088745117188,17.261840820312,-3.9188232421875,
0.215,-16.651245117188,15.700317382812,0.2052001953125,
0.2155,-18.092651367188,14.258911132812,3.0079345703125,
0.216,-18.733276367188,12.216918945312,5.6905517578125,
0.2165,-18.773315429688,9.7344970703125,8.1729736328125,
0.217,-18.453002929688,5.6505126953125,11.856567382812,
0.2175,-17.812377929688,2.2872314453125,14.739379882812,
0.218,-16.611206054688,-1.2362060546875,16.981567382812,
0.2185,-14.929565429688,-3.9989013671875,18.222778320312,
0.219,-12.367065429688,-6.6414794921875,18.222778320312,
0.2195,-9.4041748046875,-9.6444091796875,18.342895507812,
0.22,-4.5194091796875,-13.328002929688,17.341918945312,
0.2205,-0.1951904296875,-15.890502929688,15.740356445312,
0.221,2.8477783203125,-17.411987304688,14.459106445312,
0.2215,5.6104736328125,-18.212768554688,12.777465820312,
0.222,8.1729736328125,-18.052612304688,10.214965820312,
0.2225,11.816528320312,-17.652221679688,6.3712158203125,
0.223,14.859497070312,-16.931518554688,2.6876220703125,
0.2235,17.301879882812,-15.410034179688,-1.2362060546875,
0.224,18.302856445312,-13.808471679688,-3.7987060546875,
0.2245,18.623168945312,-11.446166992188,-6.4412841796875,
0.225,18.703247070312,-8.6834716796875,-9.3240966796875,
0.2255,18.302856445312,-4.7596435546875,-12.847534179688,
0.226,17.261840820312,-1.0360107421875,-15.530151367188,
0.2265,15.980590820312,2.1270751953125,-17.371948242188,
0.227,14.138793945312,4.8497314453125,-18.332885742188,
0.2275,11.336059570312,7.4923095703125,-18.212768554688,
0.228,7.3321533203125,11.015747070312,-17.892456054688,
0.2285,3.1280517578125,14.338989257812,-17.091674804688,
0.229,-1.2762451171875,16.621215820312,-15.289916992188,
0.2295,-3.9188232421875,17.742309570312,-13.968627929688,
0.23,-6.6414794921875,18.222778320312,-11.886596679688,
0.2305,-9.5643310546875,18.062622070312,-9.0037841796875,
0.231,-13.207885742188,17.381958007812,-4.8797607421875,
0.2315,-16.010620117188,16.300903320312,-1.0760498046875,
0.232,-18.052612304688,14.739379882812,2.4874267578125,
0.2325,-18.773315429688,12.897583007812,5.0499267578125,
0.233,-18.933471679688,10.214965820312,7.7325439453125,
0.2335,-18.773315429688,6.9317626953125,10.935668945312,
0.234,-18.372924804688,3.2481689453125,14.338989257812,
0.2345,-16.971557617188,-0.6356201171875,16.741333007812,
0.235,-15.490112304688,-3.4783935546875,18.182739257812,
0.2355,-13.448120117188,-6.2010498046875,18.863403320312,
0.236,-10.244995117188,-9.0037841796875,18.543090820312,
0.2365,-5.6805419921875,-12.647338867188,17.742309570312,
0.237,-1.4364013671875,-15.570190429688,16.661254882812,
0.2375,2.5274658203125,-17.652221679688,15.019653320312,
0.238,5.0899658203125,-18.332885742188,13.297973632812,
0.2385,7.9327392578125,-18.533081054688,10.935668945312,
0.239,11.135864257812,-18.453002929688,7.4923095703125,
0.2395,14.579223632812,-17.452026367188,3.5284423828125,
0.24,17.141723632812,-16.010620117188,-0.5155029296875,
0.2405,18.703247070312,-14.449096679688,-3.5184326171875,
0.241,19.183715820312,-12.286987304688,-6.2010498046875,
0.2415,19.063598632812,-9.3240966796875,-9.0037841796875,
0.242,18.663208007812,-5.6004638671875,-12.367065429688,
0.2425,18.062622070312,-1.9569091796875,-15.410034179688,
0.243,16.581176757812,1.8468017578125,-17.652221679688,
0.2435,14.699340820312,4.4893798828125,-18.493041992188,
0.244,12.296997070312,7.2120361328125,-18.933471679688,
0.2445,8.5733642578125,10.535278320312,-18.573120117188,
0.245,4.0889892578125,13.898559570312,-17.572143554688,
0.2455,-0.2752685546875,16.380981445312,-16.010620117188,
0.246,-3.6385498046875,18.142700195312,-14.569213867188,
0.2465,-6.1610107421875,18.663208007812,-12.367065429688,
0.247,-8.9637451171875,18.422973632812,-9.9647216796875,
0.2475,-12.527221679688,17.942504882812,-6.1209716796875,
0.248,-15.690307617188,16.941528320312,-2.0369873046875,
0.2485,-17.972534179688,15.259887695312,1.8868408203125,
0.249,-19.013549804688,13.538208007812,4.5294189453125,
0.2495,-19.373901367188,11.215942382812,7.2520751953125,
0.25,-19.213745117188,7.8927001953125,10.375122070312,
0.2505,-18.613159179688,4.2091064453125,13.578247070312,
0.251,-17.572143554688,0.4854736328125,16.260864257812,
0.2515,-16.130737304688,-3.0780029296875,18.302856445312,
0.252,-14.048706054688,-5.5203857421875,18.783325195312,
0.2525,-11.406127929688,-8.2030029296875,18.863403320312,
0.253,-7.1619873046875,-11.806518554688,18.382934570312,
0.2535,-2.6375732421875,-15.009643554688,17.221801757812,
0.254,1.5264892578125,-17.131713867188,15.460083007812,
0.2545,4.2891845703125,-18.453002929688,14.058715820312,
0.255,7.0518798828125,-18.733276367188,11.856567382812,
0.2555,10.134887695312,-18.332885742188,8.6534423828125,
0.256,13.498168945312,-17.812377929688,4.9298095703125,
0.2565,16.461059570312,-16.651245117188,0.9259033203125,
0.257,18.543090820312,-15.089721679688,-2.8377685546875,
0.2575,19.023559570312,-12.967651367188,-5.2801513671875,
0.258,19.263793945312,-10.485229492188,-8.0028076171875,
0.2585,18.943481445312,-6.7615966796875,-11.486206054688,
0.259,18.503051757812,-3.1580810546875,-14.569213867188,
0.2595,17.021606445312,0.5655517578125,-16.811401367188,
0.26,15.620239257812,3.7286376953125,-18.573120117188,
0.2605,13.177856445312,6.3712158203125,-18.893432617188,
0.261,9.9346923828125,9.3341064453125,-18.653198242188,
0.2615,5.7305908203125,12.817504882812,-18.092651367188,
0.262,1.1661376953125,15.900512695312,-16.811401367188,
0.2625,-2.7176513671875,17.782348632812,-15.089721679688,
0.263,-5.3201904296875,18.503051757812,-13.408081054688,
0.2635,-8.1229248046875,18.783325195312,-11.125854492188,
0.264,-11.646362304688,18.222778320312,-7.2020263671875,
0.2645,-14.769409179688,17.421997070312,-3.4783935546875,
0.265,-17.411987304688,16.020629882812,0.4854736328125,
0.2655,-19.253784179688,14.459106445312,3.8887939453125,
0.266,-19.413940429688,12.056762695312,6.3311767578125,
0.2665,-19.494018554688,9.2940673828125,9.3341064453125,
0.267,-19.173706054688,5.3702392578125,12.897583007812,
0.2675,-18.412963867188,1.5665283203125,16.020629882812,
0.268,-16.811401367188,-2.1170654296875,18.062622070312,
0.2685,-15.209838867188,-4.8797607421875,19.223754882812,
0.269,-12.647338867188,-7.6824951171875,19.504028320312,
0.2695,-8.4031982421875,-11.205932617188,18.943481445312,
0.27,-4.2391357421875,-14.369018554688,18.102661132812,
0.2705,0.3653564453125,-17.131713867188,16.501098632812,
0.271,4.0089111328125,-18.933471679688,14.859497070312,
0.2715,6.5714111328125,-19.093627929688,12.737426757812,
0.272,9.4542236328125,-19.293823242188,10.255004882812,
0.2725,13.297973632812,-18.653198242188,5.8907470703125,
0.273,16.380981445312,-17.572143554688,1.7667236328125,
0.2735,18.663208007812,-15.890502929688,-2.0369873046875,
0.274,20.184692382812,-13.928588867188,-5.1199951171875,
0.2745,20.024536132812,-11.366088867188,-7.7225341796875,
0.275,19.904418945312,-7.8826904296875,-11.245971679688,
0.2755,19.383911132812,-4.2391357421875,-14.409057617188,
0.276,18.262817382812,-0.1551513671875,-17.371948242188,
0.2765,16.501098632812,3.5284423828125,-19.253784179688,
0.277,14.218872070312,6.2510986328125,-19.734252929688,
0.2775,11.576293945312,9.0938720703125,-20.054565429688,
0.278,6.4913330078125,13.137817382812,-19.133666992188,
0.2785,2.2071533203125,16.100708007812,-17.972534179688,
0.279,-2.0770263671875,18.302856445312,-16.170776367188,
0.2795,-5.4803466796875,19.824340820312,-14.489135742188,
0.28,-8.2030029296875,19.584106445312,-11.806518554688,
0.2805,-11.326049804688,19.383911132812,-8.6834716796875,
0.281,-15.049682617188,18.663208007812,-4.5194091796875,
0.2815,-18.092651367188,17.101684570312,0.1251220703125,
0.282,-19.974487304688,15.299926757812,3.7286376953125,
0.2825,-20.695190429688,13.097778320312,6.8116455078125,
0.283,-20.775268554688,10.375122070312,9.4542236328125,
0.2835,-20.334838867188,6.0909423828125,13.338012695312,
0.284,-19.574096679688,2.4874267578125,16.260864257812,
0.2845,-18.132690429688,-1.5965576171875,18.823364257812,
0.285,-16.370971679688,-5.1199951171875,20.585083007812,
0.2855,-13.448120117188,-7.7625732421875,20.424926757812,
0.286,-10.445190429688,-10.845581054688,20.464965820312,
0.2865,-5.1600341796875,-14.809448242188,19.423950195312,
0.287,-0.3153076171875,-17.812377929688,17.742309570312,
0.2875,3.5684814453125,-19.534057617188,15.980590820312,
0.288,6.7315673828125,-20.575073242188,14.058715820312,
0.2885,9.6544189453125,-20.374877929688,11.135864257812,
0.289,13.338012695312,-19.774291992188,6.9317626953125,
0.2895,16.661254882812,-18.893432617188,3.0079345703125,
0.29,19.504028320312,-17.091674804688,-1.5965576171875,
0.2905,21.025512695312,-15.169799804688,-4.9998779296875,
0.291,21.185668945312,-12.447143554688,-7.8826904296875,
0.2915,21.265747070312,-9.6043701171875,-10.845581054688,
0.292,20.545043945312,-4.9197998046875,-14.809448242188,
0.2925,19.463989257812,-0.9559326171875,-17.732299804688,
0.293,17.742309570312,2.8477783203125,-19.734252929688,
0.2935,15.780395507812,6.1309814453125,-21.215698242188,
0.294,12.216918945312,8.9737548828125,-20.815307617188,
0.2945,8.2930908203125,12.617309570312,-20.374877929688,
0.295,3.6885986328125,16.140747070312,-19.413940429688,
0.2955,-1.5565185546875,18.903442382812,-17.291870117188,
0.296,-4.9998779296875,20.264770507812,-15.410034179688,
0.2965,-7.9627685546875,20.705200195312,-13.127807617188,
0.297,-10.925659179688,20.505004882812,-10.244995117188,
0.2975,-15.009643554688,19.504028320312,-5.2801513671875,
0.298,-18.092651367188,18.262817382812,-1.1160888671875,
0.2985,-20.454956054688,16.461059570312,3.0479736328125,
0.299,-21.616088867188,14.338989257812,6.2510986328125,
0.2995,-21.415893554688,11.215942382812,9.2139892578125,
0.3,-21.295776367188,7.9327392578125,12.417114257812,
0.3005,-20.575073242188,3.6085205078125,16.060668945312,
0.301,-19.093627929688,-0.7957763671875,18.943481445312,
0.3015,-17.171752929688,-4.3592529296875,20.505004882812,
0.302,-15.049682617188,-7.3221435546875,21.465942382812,
0.3025,-11.606323242188,-10.244995117188,21.105590820312,
0.303,-6.4813232421875,-14.208862304688,20.104614257812,
0.3035,-2.0770263671875,-17.331909179688,18.943481445312,
0.304,2.8077392578125,-19.774291992188,16.861450195312,
0.3045,6.0909423828125,-20.855346679688,14.859497070312,
0.305,9.0938720703125,-20.855346679688,12.016723632812,
0.3055,12.216918945312,-20.575073242188,8.9737548828125,
0.306,16.180786132812,-19.534057617188,4.0889892578125,
0.3065,19.223754882812,-17.852416992188,-0.6356201171875,
0.307,21.025512695312,-16.010620117188,-4.1590576171875,
0.3075,21.826293945312,-13.728393554688,-7.2821044921875,
0.308,21.505981445312,-10.405151367188,-10.244995117188,
0.3085,21.065551757812,-6.3612060546875,-13.928588867188,
0.309,20.384887695312,-2.4774169921875,-17.091674804688,
0.3095,18.663208007812,2.0069580078125,-19.854370117188,
0.31,16.501098632812,5.4102783203125,-21.015502929688,
0.3105,13.738403320312,8.2930908203125,-21.335815429688,
0.311,10.255004882812,11.496215820312,-21.175659179688,
0.3115,4.6895751953125,15.620239257812,-19.854370117188,
0.312,0.0450439453125,18.422973632812,-18.252807617188,
0.3125,-4.0789794921875,20.344848632812,-16.370971679688,
0.313,-7.3221435546875,21.145629882812,-14.248901367188,
0.3135,-10.405151367188,20.785278320312,-10.925659179688,
0.314,-13.848510742188,20.304809570312,-7.2020263671875,
0.3145,-17.492065429688,19.223754882812,-2.6375732421875,
0.315,-20.374877929688,17.221801757812,2.2471923828125,
0.3155,-21.656127929688,15.219848632812,5.4503173828125,
0.316,-22.176635742188,12.617309570312,8.5733642578125,
0.3165,-21.896362304688,9.2540283203125,11.656372070312,
0.317,-21.135620117188,4.6094970703125,15.540161132812,
0.3175,-19.974487304688,0.6456298828125,18.382934570312,
0.318,-18.332885742188,-3.5184326171875,20.865356445312,
0.3185,-16.010620117188,-6.6815185546875,21.826293945312,
0.319,-12.687377929688,-9.6844482421875,21.586059570312,
0.3195,-8.7235107421875,-13.167846679688,21.265747070312,
0.32,-3.2781982421875,-17.011596679688,19.864379882812,
0.3205,1.7667236328125,-19.654174804688,17.662231445312,
0.321,5.2501220703125,-21.135620117188,15.820434570312,
0.3215,8.4532470703125,-21.616088867188,13.458129882812,
0.322,11.656372070312,-21.095581054688,9.9346923828125,
0.3225,15.420043945312,-20.214721679688,5.4903564453125,
0.323,18.743286132812,-18.933471679688,1.0860595703125,
0.3235,21.265747070312,-16.851440429688,-3.5584716796875,
0.324,22.066528320312,-14.609252929688,-6.5614013671875,
0.3245,22.226684570312,-11.566284179688,-9.7645263671875,
0.325,21.866333007812,-7.9627685546875,-13.087768554688,
0.3255,21.065551757812,-3.3983154296875,-16.731323242188,
0.326,19.383911132812,0.8858642578125,-19.413940429688,
0.3265,17.542114257812,4.6094970703125,-21.335815429688,
0.327,14.979614257812,7.7325439453125,-21.936401367188,
0.3275,11.255981445312,10.855590820312,-21.495971679688,
0.328,6.6915283203125,14.579223632812,-20.775268554688,
0.3285,1.7266845703125,17.982543945312,-19.413940429688,
0.329,-3.3582763671875,20.304809570312,-17.011596679688,
0.3295,-6.4412841796875,21.265747070312,-14.969604492188,
0.33,-9.5643310546875,21.465942382812,-12.447143554688,
0.3305,-12.967651367188,20.865356445312,-8.6434326171875,
0.331,-16.691284179688,19.824340820312,-3.9588623046875,
0.3315,-19.734252929688,18.182739257812,0.6055908203125,
0.332,-21.856323242188,16.140747070312,4.7696533203125,
0.3325,-22.296752929688,13.578247070312,7.6925048828125,
0.333,-22.256713867188,10.255004882812,10.975708007812,
0.3335,-21.776245117188,6.2911376953125,14.539184570312,
0.334,-20.895385742188,1.9669189453125,17.982543945312,
0.3345,-18.933471679688,-2.4774169921875,20.424926757812,
0.335,-16.931518554688,-5.7606201171875,21.786254882812,
0.3355,-14.248901367188,-8.8436279296875,22.226684570312,
0.336,-10.084838867188,-12.206909179688,21.505981445312,
0.3365,-5.0799560546875,-15.890502929688,20.344848632812,
0.337,-0.1951904296875,-18.933471679688,18.863403320312,
0.3375,4.4893798828125,-20.815307617188,16.661254882812,
0.338,7.3721923828125,-21.495971679688,14.258911132812,
0.3385,10.535278320312,-21.495971679688,11.376098632812,
0.339,14.298950195312,-20.815307617188,7.1719970703125,
0.3395,17.862426757812,-19.574096679688,2.5675048828125,
0.34,20.505004882812,-17.692260742188,-1.9969482421875,
0.3405,22.226684570312,-15.690307617188,-5.6004638671875,
0.341,22.426879882812,-12.927612304688,-8.6434326171875,
0.3415,22.146606445312,-9.2440185546875,-12.046752929688,
0.342,21.425903320312,-5.0799560546875,-15.490112304688,
0.3425,20.464965820312,-0.8358154296875,-18.773315429688,
0.343,18.382934570312,3.5284423828125,-21.095581054688,
0.3435,15.980590820312,6.5714111328125,-21.776245117188,
0.344,13.097778320312,9.6944580078125,-22.096557617188,
0.3445,8.3331298828125,13.538208007812,-21.295776367188,
0.345,3.4083251953125,16.941528320312,-20.054565429688,
0.3455,-1.4764404296875,19.624145507812,-18.052612304688,
0.346,-5.5203857421875,21.465942382812,-16.130737304688,
0.3465,-8.4031982421875,21.505981445312,-13.488159179688,
0.347,-11.686401367188,21.305786132812,-10.244995117188,
0.3475,-15.570190429688,20.545043945312,-5.7606201171875,
0.348,-19.013549804688,19.063598632812,-0.9959716796875,
0.3485,-21.415893554688,16.941528320312,3.4884033203125,
0.349,-22.536987304688,14.779418945312,6.6514892578125,
0.3495,-22.697143554688,11.816528320312,9.8546142578125,
0.35,-22.256713867188,7.6524658203125,13.578247070312,
0.3505,-21.415893554688,3.5284423828125,16.901489257812,
0.351,-19.974487304688,-0.8358154296875,19.864379882812,
0.3515,-17.972534179688,-4.9598388671875,22.026489257812,
0.352,-15.129760742188,-7.8826904296875,22.146606445312,
0.3525,-12.006713867188,-10.965698242188,22.186645507812,
0.353,-6.8016357421875,-15.089721679688,21.225708007812,
0.3535,-1.6766357421875,-18.412963867188,19.664184570312,
0.354,3.0479736328125,-20.575073242188,17.421997070312,
0.3545,6.6114501953125,-21.936401367188,15.500122070312,
0.355,9.7344970703125,-21.896362304688,12.617309570312,
0.3555,13.297973632812,-21.295776367188,8.6534423828125,
0.356,16.941528320312,-20.494995117188,4.3292236328125,
0.3565,20.224731445312,-18.773315429688,-0.6356201171875,
0.357,22.346801757812,-16.851440429688,-4.9998779296875,
0.3575,22.747192382812,-14.008666992188,-7.8026123046875,
0.358,22.907348632812,-10.925659179688,-11.045776367188,
0.3585,22.226684570312,-6.2811279296875,-15.089721679688,
0.359,21.265747070312,-2.1571044921875,-18.252807617188,
0.3595,19.343872070312,2.1671142578125,-20.655151367188,
0.36,17.341918945312,6.0108642578125,-22.536987304688,
0.3605,14.018676757812,8.9737548828125,-22.296752929688,
0.361,10.214965820312,12.377075195312,-22.056518554688,
0.3615,5.1700439453125,16.260864257812,-21.015502929688,
0.362,-0.2752685546875,19.504028320312,-19.093627929688,
0.3625,-4.5594482421875,21.265747070312,-16.811401367188,
0.363,-7.7225341796875,22.026489257812,-14.649291992188,
0.3635,-10.925659179688,21.946411132812,-11.606323242188,
0.364,-14.889526367188,20.985473632812,-6.8817138671875,
0.3645,-18.212768554688,19.904418945312,-2.6375732421875,
0.365,-21.015502929688,17.942504882812,2.1270751953125,
0.3655,-22.817260742188,15.820434570312,6.0509033203125,
0.366,-22.777221679688,12.777465820312,8.9737548828125,
0.3665,-22.777221679688,9.5343017578125,12.216918945312,
0.367,-21.976440429688,4.8096923828125,16.140747070312,
0.3675,-20.695190429688,0.4854736328125,19.343872070312,
0.368,-18.573120117188,-3.6385498046875,21.265747070312,
0.3685,-16.531127929688,-6.9617919921875,22.546997070312,
0.369,-13.167846679688,-10.084838867188,22.346801757812,
0.3695,-8.4031982421875,-13.808471679688,21.505981445312,
0.37,-3.8387451171875,-17.091674804688,20.424926757812,
0.3705,1.5665283203125,-20.014526367188,18.262817382812,
0.371,5.5303955078125,-21.616088867188,16.140747070312,
0.3715,8.4532470703125,-21.696166992188,13.578247070312,
0.372,11.576293945312,-21.736206054688,10.695434570312,
0.3725,15.820434570312,-20.655151367188,5.5303955078125,
0.373,18.983520507812,-19.213745117188,1.1260986328125,
0.3735,21.265747070312,-17.291870117188,-3.1180419921875,
0.374,22.587036132812,-15.129760742188,-6.5213623046875,
0.3745,22.426879882812,-11.966674804688,-9.4842529296875,
0.375,22.146606445312,-8.2030029296875,-13.087768554688,
0.3755,21.385864257812,-4.0389404296875,-16.491088867188,
0.376,19.944458007812,0.5255126953125,-19.534057617188,
0.3765,17.702270507812,4.3292236328125,-21.295776367188,
0.377,15.219848632812,7.3321533203125,-21.856323242188,
0.3775,12.176879882812,10.415161132812,-21.936401367188,
0.378,6.5714111328125,14.699340820312,-20.775268554688,
0.3785,2.2071533203125,17.622192382812,-19.494018554688,
0.379,-2.5574951171875,19.984497070312,-17.452026367188,
0.3795,-6.2410888671875,21.465942382812,-15.450073242188,
0.38,-9.1239013671875,21.145629882812,-12.487182617188,
0.3805,-12.367065429688,20.945434570312,-9.3240966796875,
0.381,-16.370971679688,20.024536132812,-4.5594482421875,
0.3815,-19.494018554688,18.222778320312,0.3653564453125,
0.382,-21.335815429688,16.300903320312,4.1290283203125,
0.3825,-22.176635742188,13.938598632812,7.1719970703125,
0.383,-22.096557617188,10.935668945312,10.174926757812,
0.3835,-21.576049804688,6.3712158203125,14.218872070312,
0.384,-20.735229492188,2.6075439453125,17.181762695312,
0.3845,-19.173706054688,-1.6766357421875,19.864379882812,
0.385,-17.131713867188,-5.4002685546875,21.586059570312,
0.3855,-14.128784179688,-8.1229248046875,21.425903320312,
0.386,-11.045776367188,-11.245971679688,21.546020507812,
0.3865,-5.4002685546875,-15.450073242188,20.304809570312,
0.387,-0.5155029296875,-18.372924804688,18.503051757812,
0.3875,3.4884033203125,-20.214721679688,16.661254882812,
0.388,6.8516845703125,-21.295776367188,14.659301757812,
0.3885,9.7344970703125,-21.015502929688,11.616333007812,
0.389,13.578247070312,-20.374877929688,7.3721923828125,
0.3895,17.021606445312,-19.534057617188,3.2882080078125,
0.39,19.864379882812,-17.652221679688,-1.4364013671875,
0.3905,21.385864257812,-15.650268554688,-4.8797607421875,
0.391,21.626098632812,-12.967651367188,-7.8026123046875,
0.3915,21.666137695312,-10.084838867188,-10.725463867188,
0.392,20.945434570312,-5.2801513671875,-14.809448242188,
0.3925,19.704223632812,-1.3162841796875,-17.532104492188,
0.393,18.102661132812,2.4874267578125,-19.854370117188,
0.3935,16.140747070312,5.9307861328125,-21.255737304688,
0.394,12.737426757812,8.8135986328125,-20.855346679688,
0.3945,8.8936767578125,12.296997070312,-20.575073242188,
0.395,4.1290283203125,15.940551757812,-19.654174804688,
0.3955,-1.0760498046875,18.703247070312,-17.492065429688,
0.396,-4.5194091796875,20.144653320312,-15.690307617188,
0.3965,-7.5623779296875,20.665161132812,-13.528198242188,
0.397,-10.445190429688,20.505004882812,-10.645385742188,
0.3975,-14.529174804688,19.504028320312,-5.7606201171875,
0.398,-17.652221679688,18.422973632812,-1.6766357421875,
0.3985,-19.974487304688,16.621215820312,2.4874267578125,
0.399,-21.175659179688,14.579223632812,5.6905517578125,
0.3995,-21.135620117188,11.536254882812,8.5333251953125,
0.4,-21.095581054688,8.4532470703125,11.656372070312,
0.4005,-20.414916992188,4.0889892578125,15.380004882812,
0.401,-18.973510742188,-0.2352294921875,18.222778320312,
0.4015,-17.171752929688,-3.5985107421875,19.864379882812,
0.402,-15.209838867188,-6.5614013671875,20.945434570312,
0.4025,-11.966674804688,-9.4442138671875,20.625122070312,
0.403,-7.0819091796875,-13.328002929688,19.784301757812,
0.4035,-2.7576904296875,-16.491088867188,18.783325195312,
0.404,1.9669189453125,-18.973510742188,16.701293945312,
0.4045,5.2501220703125,-20.094604492188,14.899536132812,
0.405,8.1329345703125,-20.214721679688,12.377075195312,
0.4055,11.175903320312,-20.094604492188,9.4542236328125,
0.406,15.139770507812,-19.133666992188,4.6495361328125,
0.4065,18.102661132812,-17.612182617188,0.2852783203125,
0.407,19.904418945312,-15.930541992188,-3.1981201171875,
0.4075,20.825317382812,-13.808471679688,-6.1610107421875,
0.408,20.585083007812,-11.005737304688,-9.1239013671875,
0.4085,20.264770507812,-7.0418701171875,-12.487182617188,
0.409,19.704223632812,-3.3582763671875,-15.690307617188,
0.4095,18.182739257812,0.9659423828125,-18.332885742188,
0.41,16.260864257812,4.1690673828125,-19.694213867188,
0.4105,13.818481445312,7.0118408203125,-20.134643554688,
0.411,10.775512695312,9.9346923828125,-20.054565429688,
0.4115,5.4503173828125,13.978637695312,-18.933471679688,
0.412,1.1260986328125,16.661254882812,-17.732299804688,
0.4125,-2.7576904296875,18.703247070312,-15.970581054688,
0.413,-5.8406982421875,19.704223632812,-14.088745117188,
0.4135,-8.6834716796875,19.463989257812,-11.245971679688,
0.414,-12.006713867188,19.183715820312,-7.8426513671875,
0.4145,-15.530151367188,18.342895507812,-3.5985107421875,
0.415,-18.252807617188,16.581176757812,0.8858642578125,
0.4155,-19.614135742188,14.859497070312,3.8487548828125,
0.416,-20.174682617188,12.697387695312,6.6915283203125,
0.4165,-20.094604492188,9.8546142578125,9.3341064453125,
0.417,-19.614135742188,5.4903564453125,13.137817382812,
0.4175,-18.813354492188,1.9268798828125,16.020629882812,
0.418,-17.411987304688,-1.7967529296875,18.302856445312,
0.4185,-15.570190429688,-4.7996826171875,19.504028320312,
0.419,-12.767456054688,-7.4422607421875,19.423950195312,
0.4195,-9.4842529296875,-10.645385742188,19.423950195312,
0.42,-4.4793701171875,-14.409057617188,18.302856445312,
0.4205,0.2052001953125,-16.971557617188,16.501098632812,
0.421,3.3282470703125,-18.493041992188,15.099731445312,
0.4215,6.2110595703125,-19.253784179688,13.177856445312,
0.422,8.9737548828125,-19.013549804688,10.375122070312,
0.4225,12.657348632812,-18.453002929688,6.3311767578125,
0.423,15.820434570312,-17.612182617188,2.5274658203125,
0.4235,18.222778320312,-15.930541992188,-1.5965576171875,
0.424,19.223754882812,-14.168823242188,-4.1990966796875,
0.4245,19.463989257812,-11.726440429688,-7.0018310546875,
0.425,19.463989257812,-8.8836669921875,-9.9647216796875,
0.4255,18.983520507812,-4.6795654296875,-13.528198242188,
0.426,17.862426757812,-0.9158935546875,-16.250854492188,
0.4265,16.501098632812,2.3673095703125,-18.092651367188,
0.427,14.579223632812,5.2100830078125,-19.093627929688,
0.4275,11.536254882812,7.8927001953125,-18.853393554688,
0.428,7.4522705078125,11.536254882812,-18.453002929688,
0.4285,3.1680908203125,14.819458007812,-17.612182617188,
0.429,-1.3563232421875,17.141723632812,-15.690307617188,
0.4295,-4.1190185546875,18.222778320312,-14.248901367188,
0.43,-6.8416748046875,18.703247070312,-12.166870117188,
0.4305,-9.7645263671875,18.503051757812,-9.2440185546875,
0.431,-13.448120117188,17.782348632812,-4.9998779296875,
0.4315,-16.330932617188,16.581176757812,-1.1160888671875,
0.432,-18.292846679688,15.059692382812,2.5274658203125,
0.4325,-19.133666992188,13.097778320312,5.0899658203125,
0.433,-19.213745117188,10.415161132812,7.8126220703125,
0.4335,-19.093627929688,7.1719970703125,11.015747070312,
0.434,-18.613159179688,3.4083251953125,14.379028320312,
0.4345,-17.251831054688,-0.5155029296875,16.901489257812,
0.435,-15.770385742188,-3.3582763671875,18.302856445312,
0.4355,-13.768432617188,-6.0809326171875,19.063598632812,
0.436,-10.525268554688,-8.9637451171875,18.743286132812,
0.4365,-5.8807373046875,-12.607299804688,17.942504882812,
0.437,-1.6766357421875,-15.530151367188,16.861450195312,
0.4375,2.2872314453125,-17.652221679688,15.219848632812,
0.438,4.9298095703125,-18.412963867188,13.578247070312,
0.4385,7.6925048828125,-18.573120117188,11.135864257812,
0.439,10.975708007812,-18.292846679688,7.8126220703125,
0.4395,14.379028320312,-17.492065429688,3.8087158203125,
0.44,16.941528320312,-16.010620117188,-0.2752685546875,
0.4405,18.543090820312,-14.609252929688,-3.1981201171875,
0.441,19.063598632812,-12.487182617188,-5.9207763671875,
0.4415,18.983520507812,-9.6043701171875,-8.6434326171875,
0.442,18.583129882812,-5.8406982421875,-12.046752929688,
0.4425,18.022583007812,-2.2772216796875,-15.049682617188,
0.443,16.621215820312,1.4464111328125,-17.331909179688,
0.4435,14.859497070312,4.1290283203125,-18.292846679688,
0.444,12.497192382812,6.8917236328125,-18.653198242188,
0.4445,8.9337158203125,10.094848632812,-18.453002929688,
0.445,4.3292236328125,13.538208007812,-17.492065429688,
0.4455,0.1251220703125,16.060668945312,-16.010620117188,
0.446,-3.1981201171875,17.782348632812,-14.649291992188,
0.4465,-5.8006591796875,18.342895507812,-12.767456054688,
0.447,-8.5633544921875,18.222778320312,-10.124877929688,
0.4475,-12.206909179688,17.822387695312,-6.3612060546875,
0.448,-15.249877929688,16.901489257812,-2.4373779296875,
0.4485,-17.572143554688,15.259887695312,1.5264892578125,
0.449,-18.653198242188,13.658325195312,4.0489501953125,
0.4495,-19.053588867188,11.416137695312,6.7716064453125,
0.45,-18.933471679688,8.2930908203125,9.8145751953125,
0.4505,-18.453002929688,4.4893798828125,13.097778320312,
0.451,-17.492065429688,0.8858642578125,15.820434570312,
0.4515,-16.170776367188,-2.5975341796875,17.982543945312,
0.452,-14.248901367188,-5.1199951171875,18.543090820312,
0.4525,-11.566284179688,-7.7625732421875,18.583129882812,
0.453,-7.5223388671875,-11.326049804688,18.222778320312,
0.4535,-2.9979248046875,-14.609252929688,17.141723632812,
0.454,1.2061767578125,-16.811401367188,15.420043945312,
0.4545,3.9688720703125,-18.092651367188,14.098754882812,
0.455,6.6915283203125,-18.533081054688,12.056762695312,
0.4555,9.6944580078125,-18.212768554688,9.0538330078125,
0.456,13.097778320312,-17.692260742188,5.1300048828125,
0.4565,16.020629882812,-16.611206054688,1.2462158203125,
0.457,18.182739257812,-15.089721679688,-2.4774169921875,
0.4575,18.783325195312,-13.087768554688,-4.9197998046875,
0.458,19.063598632812,-10.605346679688,-7.6824951171875,
0.4585,18.863403320312,-7.0819091796875,-11.045776367188,
0.459,18.382934570312,-3.4783935546875,-14.248901367188,
0.4595,17.261840820312,0.3253173828125,-16.691284179688,
0.46,15.660278320312,3.4083251953125,-18.332885742188,
0.4605,13.418090820312,6.0509033203125,-18.773315429688,
0.461,10.094848632812,8.9737548828125,-18.533081054688,
0.4615,5.9307861328125,12.497192382812,-17.972534179688,
0.462,1.4063720703125,15.620239257812,-16.731323242188,
0.4625,-2.5174560546875,17.582153320312,-15.049682617188,
0.463,-5.0399169921875,18.302856445312,-13.448120117188,
0.4635,-7.8426513671875,18.583129882812,-11.245971679688,
0.464,-11.326049804688,18.062622070312,-7.4022216796875,
0.4645,-14.489135742188,17.301879882812,-3.5985107421875,
0.465,-17.091674804688,15.900512695312,0.2852783203125,
0.4655,-18.933471679688,14.379028320312,3.6885986328125,
0.466,-19.213745117188,12.136840820312,6.2510986328125,
0.4665,-19.293823242188,9.3341064453125,9.0938720703125,
0.467,-19.093627929688,5.4903564453125,12.537231445312,
0.4675,-18.252807617188,1.7667236328125,15.700317382812,
0.468,-16.651245117188,-1.9569091796875,17.782348632812,
0.4685,-15.089721679688,-4.6395263671875,18.903442382812,
0.469,-12.607299804688,-7.4022216796875,19.223754882812,
0.4695,-8.5633544921875,-10.765502929688,18.703247070312,
0.47,-4.3592529296875,-13.968627929688,17.822387695312,
0.4705,0.2052001953125,-16.651245117188,16.260864257812,
0.471,3.8087158203125,-18.453002929688,14.699340820312,
0.4715,6.2911376953125,-18.693237304688,12.617309570312,
0.472,9.0137939453125,-18.853393554688,10.214965820312,
0.4725,12.777465820312,-18.292846679688,6.0108642578125,
0.473,15.860473632812,-17.251831054688,2.0069580078125,
0.4735,18.102661132812,-15.650268554688,-1.7567138671875,
0.474,19.463989257812,-13.968627929688,-4.7196044921875,
0.4745,19.584106445312,-11.486206054688,-7.4022216796875,
0.475,19.504028320312,-8.0028076171875,-10.765502929688,
0.4755,18.983520507812,-4.4793701171875,-13.808471679688,
0.476,17.942504882812,-0.5155029296875,-16.691284179688,
0.4765,16.300903320312,3.1280517578125,-18.613159179688,
0.477,14.098754882812,5.6505126953125,-19.093627929688,
0.4775,11.576293945312,8.4132080078125,-19.373901367188,
0.478,6.7315673828125,12.296997070312,-18.573120117188,
0.4785,2.5274658203125,15.259887695312,-17.492065429688,
0.479,-1.4764404296875,17.582153320312,-15.650268554688,
0.4795,-4.8397216796875,18.903442382812,-14.288940429688,
0.48,-7.4022216796875,18.863403320312,-11.846557617188,
0.4805,-10.405151367188,18.623168945312,-8.8035888671875,
0.481,-14.008666992188,17.982543945312,-4.8397216796875,
0.4815,-16.931518554688,16.621215820312,-0.5955810546875,
0.482,-18.893432617188,14.979614257812,3.0479736328125,
0.4825,-19.574096679688,12.977661132812,5.6905517578125,
0.483,-19.814331054688,10.495239257812,8.3731689453125,
0.4835,-19.373901367188,6.4112548828125,12.096801757812,
0.484,-18.733276367188,3.0079345703125,14.939575195312,
0.4845,-17.411987304688,-0.7957763671875,17.301879882812,
0.485,-15.890502929688,-4.1590576171875,19.223754882812,
0.4855,-13.328002929688,-6.6014404296875,19.143676757812,
0.486,-10.445190429688,-9.4041748046875,19.183715820312,
0.4865,-5.7205810546875,-13.167846679688,18.342895507812,
0.487,-1.1160888671875,-16.170776367188,16.821411132812,
0.4875,2.5675048828125,-17.892456054688,15.219848632812,
0.488,5.4102783203125,-18.933471679688,13.618286132812,
0.4885,8.0928955078125,-19.013549804688,11.215942382812,
0.489,11.576293945312,-18.453002929688,7.2921142578125,
0.4895,14.739379882812,-17.812377929688,3.7286376953125,
0.49,17.421997070312,-16.330932617188,-0.4354248046875,
0.4905,19.223754882812,-14.689331054688,-3.7586669921875,
0.491,19.383911132812,-12.286987304688,-6.3211669921875,
0.4915,19.664184570312,-9.7645263671875,-9.0838623046875,
0.492,19.183715820312,-5.5203857421875,-12.887573242188,
0.4925,18.382934570312,-1.8367919921875,-15.810424804688,
0.493,16.821411132812,1.6466064453125,-17.732299804688,
0.4935,15.259887695312,4.7696533203125,-19.253784179688,
0.494,12.417114257812,7.4122314453125,-19.213745117188,
0.4945,8.6134033203125,10.775512695312,-18.853393554688,
0.495,4.4893798828125,14.098754882812,-18.172729492188,
0.4955,-0.3553466796875,16.901489257812,-16.370971679688,
0.496,-3.7987060546875,18.463012695312,-14.809448242188,
0.4965,-6.4012451171875,18.903442382812,-12.847534179688,
0.497,-9.2039794921875,19.063598632812,-10.445190429688,
0.4975,-13.167846679688,18.302856445312,-5.8006591796875,
0.498,-16.170776367188,17.301879882812,-1.9569091796875,
0.4985,-18.453002929688,15.740356445312,1.8868408203125,
0.499,-19.894409179688,14.058715820312,5.0098876953125,
0.4995,-19.934448242188,11.255981445312,7.6925048828125,
0.5,-19.974487304688,8.1729736328125,10.895629882812,
0.5005,-19.494018554688,4.1690673828125,14.419067382812,
0.501,-18.292846679688,0.1251220703125,17.381958007812,
0.5015,-16.571166992188,-3.3582763671875,19.063598632812,
0.502,-14.689331054688,-6.1610107421875,19.984497070312,
0.5025,-11.806518554688,-8.9237060546875,20.024536132812,
0.503,-6.7215576171875,-12.927612304688,19.143676757812,
0.5035,-2.5975341796875,-15.970581054688,18.102661132812,
0.504,1.9669189453125,-18.412963867188,16.300903320312,
0.5045,5.2901611328125,-19.814331054688,14.579223632812,
0.505,8.0128173828125,-19.774291992188,11.936645507812,
0.5055,11.055786132812,-19.694213867188,9.0938720703125,
0.506,15.059692382812,-18.853393554688,4.4893798828125,
0.5065,18.062622070312,-17.331909179688,0.0050048828125,
0.507,19.864379882812,-15.570190429688,-3.4383544921875,
0.5075,20.865356445312,-13.488159179688,-6.4813232421875,
0.508,20.665161132812,-10.525268554688,-9.3240966796875,
0.5085,20.304809570312,-6.4412841796875,-13.087768554688,
0.509,19.664184570312,-2.7576904296875,-16.090698242188,
0.5095,18.142700195312,1.5264892578125,-18.853393554688,
0.51,16.140747070312,4.8897705078125,-20.214721679688,
0.5105,13.418090820312,7.8526611328125,-20.134643554688,
0.511,10.335083007812,10.695434570312,-20.374877929688,
0.5115,4.8497314453125,14.739379882812,-19.213745117188,
0.512,0.2852783203125,17.542114257812,-17.652221679688,
0.5125,-3.6385498046875,19.383911132812,-15.850463867188,
0.513,-6.8416748046875,20.424926757812,-13.968627929688,
0.5135,-9.8045654296875,20.064575195312,-10.765502929688,
0.514,-13.167846679688,19.544067382812,-7.1219482421875,
0.5145,-16.651245117188,18.703247070312,-2.8778076171875,
0.515,-19.494018554688,16.701293945312,1.9268798828125,
0.5155,-20.815307617188,14.859497070312,5.0499267578125,
0.516,-21.335815429688,12.296997070312,8.0528564453125,
0.5165,-21.135620117188,9.3341064453125,10.855590820312,
0.517,-20.494995117188,4.7296142578125,14.819458007812,
0.5175,-19.413940429688,0.8858642578125,17.662231445312,
0.518,-17.812377929688,-3.0780029296875,19.944458007812,
0.5185,-15.690307617188,-6.2811279296875,21.145629882812,
0.519,-12.447143554688,-9.1239013671875,20.785278320312,
0.5195,-8.8436279296875,-12.447143554688,20.585083007812,
0.52,-3.5584716796875,-16.330932617188,19.343872070312,
0.5205,1.5665283203125,-18.973510742188,17.221801757812,
0.521,4.8497314453125,-20.374877929688,15.420043945312,
0.5215,7.9727783203125,-21.015502929688,13.297973632812,
0.522,11.015747070312,-20.615112304688,9.9747314453125,
0.5225,14.859497070312,-19.734252929688,5.3702392578125,
0.523,18.062622070312,-18.533081054688,1.2862548828125,
0.5235,20.545043945312,-16.571166992188,-3.1981201171875,
0.524,21.465942382812,-14.409057617188,-6.1610107421875,
0.5245,21.505981445312,-11.366088867188,-9.2840576171875,
0.525,21.305786132812,-8.1229248046875,-12.327026367188,
0.5255,20.545043945312,-3.5985107421875,-16.090698242188,
0.526,18.943481445312,0.6856689453125,-18.813354492188,
0.5265,17.141723632812,4.2091064453125,-20.494995117188,
0.527,14.859497070312,7.2921142578125,-21.415893554688,
0.5275,11.215942382812,10.295043945312,-20.855346679688,
0.528,6.6114501953125,14.018676757812,-20.134643554688,
0.5285,1.9268798828125,17.341918945312,-18.973510742188,
0.529,-3.1180419921875,19.744262695312,-16.691284179688,
0.5295,-6.1209716796875,20.665161132812,-14.769409179688,
0.53,-9.1639404296875,20.865356445312,-12.327026367188,
0.5305,-12.327026367188,20.545043945312,-8.7235107421875,
0.531,-16.210815429688,19.383911132812,-3.9989013671875,
0.5315,-19.173706054688,17.822387695312,0.4854736328125,
0.532,-21.215698242188,15.860473632812,4.4093017578125,
0.5325,-21.856323242188,13.498168945312,7.3721923828125,
0.533,-21.736206054688,10.214965820312,10.535278320312,
0.5335,-21.255737304688,6.3712158203125,13.938598632812,
0.534,-20.494995117188,2.2471923828125,17.381958007812,
0.5345,-18.573120117188,-2.2772216796875,19.944458007812,
0.535,-16.611206054688,-5.4803466796875,21.185668945312,
0.5355,-14.088745117188,-8.4832763671875,21.746215820312,
0.536,-10.164916992188,-11.686401367188,21.105590820312,
0.5365,-4.9598388671875,-15.490112304688,19.904418945312,
0.537,-0.3153076171875,-18.533081054688,18.422973632812,
0.5375,4.2891845703125,-20.615112304688,16.300903320312,
0.538,7.2520751953125,-21.135620117188,14.098754882812,
0.5385,10.535278320312,-21.015502929688,11.015747070312,
0.539,13.938598632812,-20.494995117188,7.2120361328125,
0.5395,17.542114257812,-19.293823242188,2.5675048828125,
0.54,20.224731445312,-17.371948242188,-2.0770263671875,
0.5405,21.786254882812,-15.410034179688,-5.4803466796875,
0.541,22.186645507812,-12.767456054688,-8.5633544921875,
0.5415,21.826293945312,-9.1239013671875,-11.846557617188,
0.542,21.105590820312,-4.9197998046875,-15.249877929688,
0.5425,20.104614257812,-0.8358154296875,-18.453002929688,
0.543,18.142700195312,3.5684814453125,-20.855346679688,
0.5435,15.660278320312,6.6114501953125,-21.495971679688,
0.544,12.737426757812,9.6944580078125,-21.736206054688,
0.5445,8.3331298828125,13.297973632812,-21.135620117188,
0.545,3.1680908203125,16.861450195312,-19.734252929688,
0.5455,-1.7166748046875,19.504028320312,-17.692260742188,
0.546,-5.5203857421875,21.185668945312,-15.850463867188,
0.5465,-8.4832763671875,21.425903320312,-13.328002929688,
0.547,-11.726440429688,21.025512695312,-9.9647216796875,
0.5475,-15.450073242188,20.264770507812,-5.6405029296875,
0.548,-18.893432617188,18.863403320312,-0.9158935546875,
0.5485,-21.255737304688,16.701293945312,3.6085205078125,
0.549,-22.216674804688,14.539184570312,6.6915283203125,
0.5495,-22.496948242188,11.576293945312,9.8946533203125,
0.55,-22.176635742188,7.4923095703125,13.418090820312,
0.5505,-21.135620117188,3.3282470703125,16.821411132812,
0.551,-19.654174804688,-0.9559326171875,19.624145507812,
0.5515,-17.772338867188,-4.9598388671875,21.786254882812,
0.552,-15.049682617188,-7.8826904296875,22.066528320312,
0.5525,-11.686401367188,-10.965698242188,21.906372070312,
0.553,-6.8817138671875,-14.889526367188,21.065551757812,
0.5535,-1.6365966796875,-18.252807617188,19.504028320312,
0.554,3.1680908203125,-20.454956054688,17.221801757812,
0.5545,6.5313720703125,-21.656127929688,15.299926757812,
0.555,9.6143798828125,-21.776245117188,12.537231445312,
0.5555,13.097778320312,-21.055541992188,8.5333251953125,
0.556,16.661254882812,-20.134643554688,4.2091064453125,
0.5565,19.864379882812,-18.453002929688,-0.5555419921875,
0.557,21.986450195312,-16.370971679688,-4.7596435546875,
0.5575,22.306762695312,-13.728393554688,-7.6424560546875,
0.558,22.426879882812,-10.605346679688,-10.845581054688,
0.5585,21.786254882812,-6.2811279296875,-14.609252929688,
0.559,20.825317382812,-2.0770263671875,-17.892456054688,
0.5595,18.943481445312,2.1671142578125,-20.214721679688,
0.56,17.021606445312,5.7706298828125,-21.976440429688,
0.5605,13.978637695312,8.7335205078125,-21.976440429688,
0.561,9.9747314453125,12.096801757812,-21.536010742188,
0.5615,5.2501220703125,15.780395507812,-20.535034179688,
0.562,0.0050048828125,19.063598632812,-18.813354492188,
0.5625,-4.4793701171875,20.945434570312,-16.611206054688,
0.563,-7.4022216796875,21.465942382812,-14.409057617188,
0.5635,-10.605346679688,21.586059570312,-11.566284179688,
0.564,-14.409057617188,20.625122070312,-7.0018310546875,
0.5645,-17.732299804688,19.504028320312,-2.6776123046875,
0.565,-20.494995117188,17.662231445312,1.9268798828125,
0.5655,-22.376831054688,15.660278320312,5.8507080078125,
0.566,-22.376831054688,12.617309570312,8.6934814453125,
0.5665,-22.336791992188,9.3341064453125,11.976684570312,
0.567,-21.536010742188,4.9298095703125,15.700317382812,
0.5675,-20.494995117188,0.6055908203125,18.983520507812,
0.568,-18.332885742188,-3.5985107421875,21.025512695312,
0.5685,-16.330932617188,-6.7615966796875,22.146606445312,
0.569,-13.207885742188,-9.9246826171875,22.266723632812,
0.5695,-8.4031982421875,-13.648315429688,21.345825195312,
0.57,-3.7987060546875,-16.931518554688,20.184692382812,
0.5705,1.4464111328125,-19.814331054688,18.182739257812,
0.571,5.5704345703125,-21.616088867188,16.100708007812,
0.5715,8.4132080078125,-21.616088867188,13.458129882812,
0.572,11.576293945312,-21.656127929688,10.615356445312,
0.5725,15.740356445312,-20.655151367188,5.6505126953125,
0.573,19.023559570312,-19.213745117188,1.0860595703125,
0.5735,21.305786132812,-17.251831054688,-3.1981201171875,
0.574,22.707153320312,-15.049682617188,-6.7215576171875,
0.5745,22.546997070312,-11.926635742188,-9.7244873046875,
0.575,22.306762695312,-7.9627685546875,-13.448120117188,
0.5755,21.505981445312,-3.8787841796875,-16.771362304688,
0.576,20.104614257812,0.7257080078125,-19.894409179688,
0.5765,17.902465820312,4.7696533203125,-21.776245117188,
0.577,15.179809570312,7.6925048828125,-22.176635742188,
0.5775,12.176879882812,10.895629882812,-22.416870117188,
0.578,6.4512939453125,15.219848632812,-21.175659179688,
0.5785,1.8468017578125,18.262817382812,-19.734252929688,
0.579,-2.9178466796875,20.585083007812,-17.652221679688,
0.5795,-6.7615966796875,22.066528320312,-15.610229492188,
0.58,-9.7645263671875,21.786254882812,-12.527221679688,
0.5805,-13.127807617188,21.425903320312,-9.0037841796875,
0.581,-17.051635742188,20.464965820312,-4.2791748046875,
0.5815,-20.294799804688,18.583129882812,0.8057861328125,
0.582,-22.176635742188,16.461059570312,4.8096923828125,
0.5825,-22.937377929688,13.938598632812,7.9727783203125,
0.583,-22.937377929688,10.815551757812,11.055786132812,
0.5835,-22.296752929688,6.0909423828125,15.219848632812,
0.584,-21.295776367188,2.1270751953125,18.222778320312,
0.5845,-19.574096679688,-2.3172607421875,20.945434570312,
0.585,-17.331909179688,-6.2811279296875,22.667114257812,
0.5855,-14.128784179688,-9.0838623046875,22.386840820312,
0.586,-10.885620117188,-12.246948242188,22.426879882812,
0.5865,-5.1199951171875,-16.531127929688,21.065551757812,
0.587,0.1651611328125,-19.534057617188,19.063598632812,
0.5875,4.2891845703125,-21.295776367188,16.941528320312,
0.588,7.8126220703125,-22.376831054688,14.779418945312,
0.5885,10.935668945312,-21.976440429688,11.496215820312,
0.589,14.739379882812,-21.175659179688,7.1719970703125,
0.5895,18.222778320312,-20.214721679688,2.7276611328125,
0.59,21.145629882812,-18.132690429688,-2.1571044921875,
0.5905,22.707153320312,-15.930541992188,-5.8406982421875,
0.591,22.867309570312,-12.967651367188,-8.9637451171875,
0.5915,22.867309570312,-9.9647216796875,-11.966674804688,
0.592,21.986450195312,-4.9598388671875,-16.210815429688,
0.5925,20.705200195312,-0.7557373046875,-19.173706054688,
0.593,18.743286132812,3.2882080078125,-21.295776367188,
0.5935,16.541137695312,6.9317626953125,-22.697143554688,
0.594,12.857543945312,10.014770507812,-22.176635742188,
0.5945,8.7335205078125,13.578247070312,-21.736206054688,
0.595,3.6885986328125,17.301879882812,-20.575073242188,
0.5955,-1.8367919921875,20.184692382812,-18.252807617188,
0.596,-5.5203857421875,21.505981445312,-16.170776367188,
0.5965,-8.6834716796875,21.946411132812,-13.688354492188,
0.597,-11.726440429688,21.706176757812,-10.605346679688,
0.5975,-15.930541992188,20.464965820312,-5.4002685546875,
0.598,-19.093627929688,19.183715820312,-1.0360107421875,
0.5985,-21.495971679688,17.141723632812,3.3282470703125,
0.599,-22.697143554688,14.859497070312,6.7716064453125,
0.5995,-22.496948242188,11.576293945312,9.8546142578125,
0.6,-22.376831054688,8.2930908203125,13.097778320312,
0.6005,-21.576049804688,3.6885986328125,16.901489257812,
0.601,-19.934448242188,-0.9959716796875,19.864379882812,
0.6015,-17.812377929688,-4.5594482421875,21.465942382812,
0.602,-15.690307617188,-7.6824951171875,22.466918945312,
0.6025,-12.126831054688,-10.725463867188,22.066528320312,
0.603,-6.8416748046875,-14.769409179688,20.985473632812,
0.6035,-2.2772216796875,-17.972534179688,19.824340820312,
0.604,2.8077392578125,-20.494995117188,17.582153320312,
0.6045,6.2911376953125,-21.656127929688,15.460083007812,
0.605,9.3341064453125,-21.536010742188,12.537231445312,
0.6055,12.537231445312,-21.335815429688,9.3741455078125,
0.606,16.661254882812,-20.174682617188,4.3292236328125,
0.6065,19.704223632812,-18.453002929688,-0.4754638671875,
0.607,21.546020507812,-16.531127929688,-4.1590576171875,
0.6075,22.426879882812,-14.128784179688,-7.3621826171875,
0.608,22.066528320312,-10.885620117188,-10.325073242188,
0.6085,21.626098632812,-6.7615966796875,-14.048706054688,
0.609,20.865356445312,-2.7977294921875,-17.331909179688,
0.6095,19.183715820312,1.9268798828125,-20.054565429688,
0.61,16.941528320312,5.3302001953125,-21.415893554688,
0.6105,14.218872070312,8.2930908203125,-21.736206054688,
0.611,10.815551757812,11.456176757812,-21.616088867188,
0.6115,5.0899658203125,15.660278320312,-20.254760742188,
0.612,0.4053955078125,18.543090820312,-18.653198242188,
0.6125,-3.8387451171875,20.505004882812,-16.731323242188,
0.613,-7.1219482421875,21.425903320312,-14.849487304688,
0.6135,-10.244995117188,21.025512695312,-11.286010742188,
0.614,-13.648315429688,20.585083007812,-7.6824951171875,
0.6145,-17.331909179688,19.504028320312,-3.0780029296875,
0.615,-20.214721679688,17.462036132812,1.8468017578125,
0.6155,-21.576049804688,15.500122070312,5.0899658203125,
0.616,-22.096557617188,12.857543945312,8.2130126953125,
0.6165,-21.856323242188,9.6944580078125,11.135864257812,
0.617,-21.135620117188,5.0499267578125,15.099731445312,
0.6175,-20.134643554688,1.1661376953125,18.062622070312,
0.618,-18.453002929688,-2.9578857421875,20.464965820312,
0.6185,-16.290893554688,-6.2010498046875,21.546020507812,
0.619,-13.007690429688,-9.1239013671875,21.305786132812,
0.6195,-9.3240966796875,-12.527221679688,21.105590820312,
0.62,-3.8387451171875,-16.411010742188,19.784301757812,
0.6205,1.0860595703125,-19.093627929688,17.662231445312,
0.621,4.6094970703125,-20.454956054688,15.980590820312,
0.6215,7.7725830078125,-21.175659179688,13.698364257812,
0.622,10.815551757812,-20.735229492188,10.375122070312,
0.6225,14.619262695312,-19.894409179688,5.9708251953125,
0.623,17.902465820312,-18.813354492188,1.7667236328125,
0.6235,20.424926757812,-16.851440429688,-2.7176513671875,
0.624,21.305786132812,-14.769409179688,-5.7205810546875,
0.6245,21.505981445312,-11.886596679688,-8.7635498046875,
0.625,21.265747070312,-8.6834716796875,-11.846557617188,
0.6255,20.585083007812,-4.1190185546875,-15.570190429688,
0.626,19.143676757812,0.0850830078125,-18.332885742188,
0.6265,17.421997070312,3.5684814453125,-20.214721679688,
0.627,15.179809570312,6.6915283203125,-21.135620117188,
0.6275,11.736450195312,9.6143798828125,-20.655151367188,
0.628,7.2921142578125,13.378051757812,-20.094604492188,
0.6285,2.5675048828125,16.781372070312,-18.733276367188,
0.629,-2.3172607421875,19.143676757812,-16.771362304688,
0.6295,-5.3201904296875,20.144653320312,-14.969604492188,
0.63,-8.3231201171875,20.464965820312,-12.567260742188,
0.6305,-11.486206054688,20.064575195312,-9.2039794921875,
0.631,-15.249877929688,19.063598632812,-4.6395263671875,
0.6315,-18.212768554688,17.662231445312,-0.3553466796875,
0.632,-20.294799804688,15.820434570312,3.5284423828125,
0.6325,-20.975463867188,13.618286132812,6.3712158203125,
0.633,-20.895385742188,10.535278320312,9.2940673828125,
0.6335,-20.535034179688,6.9718017578125,12.697387695312,
0.634,-19.934448242188,2.8878173828125,16.140747070312,
0.6345,-18.252807617188,-1.3162841796875,18.663208007812,
0.635,-16.491088867188,-4.3992919921875,20.024536132812,
0.6355,-14.168823242188,-7.2821044921875,20.665161132812,
0.636,-10.605346679688,-10.285034179688,20.184692382812,
0.6365,-5.6805419921875,-14.088745117188,19.183715820312,
0.637,-1.2362060546875,-17.051635742188,17.942504882812,
0.6375,3.1280517578125,-19.213745117188,15.980590820312,
0.638,5.8907470703125,-19.854370117188,14.058715820312,
0.6385,8.8936767578125,-19.894409179688,11.376098632812,
0.639,12.256958007812,-19.534057617188,7.8126220703125,
0.6395,15.820434570312,-18.573120117188,3.4884033203125,
0.64,18.503051757812,-16.971557617188,-0.8758544921875,
0.6405,20.024536132812,-15.249877929688,-3.9989013671875,
0.641,20.505004882812,-12.887573242188,-6.8817138671875,
0.6415,20.344848632812,-9.6844482421875,-9.7645263671875,
0.642,19.864379882812,-5.7606201171875,-13.287963867188,
0.6425,19.103637695312,-1.9569091796875,-16.411010742188,
0.643,17.462036132812,2.0469970703125,-18.733276367188,
0.6435,15.420043945312,4.9298095703125,-19.574096679688,
0.644,12.857543945312,7.7325439453125,-19.934448242188,
0.6445,8.9737548828125,11.095825195312,-19.534057617188,
0.645,4.2091064453125,14.659301757812,-18.453002929688,
0.6455,-0.3153076171875,17.221801757812,-16.731323242188,
0.646,-3.7987060546875,18.943481445312,-15.249877929688,
0.6465,-6.5213623046875,19.423950195312,-13.167846679688,
0.647,-9.4041748046875,19.183715820312,-10.285034179688,
0.6475,-12.967651367188,18.703247070312,-6.4012451171875,
0.648,-16.250854492188,17.622192382812,-2.3172607421875,
0.6485,-18.613159179688,15.860473632812,1.9268798828125,
0.649,-19.654174804688,14.098754882812,4.6094970703125,
0.6495,-20.054565429688,11.696411132812,7.4122314453125,
0.65,-19.854370117188,8.3731689453125,10.535278320312,
0.6505,-19.253784179688,4.4893798828125,13.938598632812,
0.651,-18.212768554688,0.6856689453125,16.661254882812,
0.6515,-16.731323242188,-2.8778076171875,18.783325195312,
0.652,-14.649291992188,-5.5203857421875,19.343872070312,
0.6525,-11.806518554688,-8.2830810546875,19.263793945312,
0.653,-7.6824951171875,-11.846557617188,18.903442382812,
0.6535,-2.9979248046875,-15.209838867188,17.782348632812,
0.654,1.3262939453125,-17.411987304688,15.900512695312,
0.6545,4.1690673828125,-18.653198242188,14.499145507812,
0.655,6.9718017578125,-19.093627929688,12.337036132812,
0.6555,10.054809570312,-18.693237304688,9.0938720703125,
0.656,13.458129882812,-18.132690429688,5.2501220703125,
0.6565,16.461059570312,-17.011596679688,1.2862548828125,
0.657,18.583129882812,-15.410034179688,-2.5574951171875,
0.6575,19.143676757812,-13.328002929688,-5.0399169921875,
0.658,19.383911132812,-10.805541992188,-7.7625732421875,
0.6585,19.183715820312,-7.2821044921875,-11.125854492188,
0.659,18.703247070312,-3.5584716796875,-14.369018554688,
0.6595,17.261840820312,0.2852783203125,-16.731323242188,
0.66,15.860473632812,3.3282470703125,-18.453002929688,
0.6605,13.578247070312,6.0108642578125,-18.933471679688,
0.661,10.375122070312,8.8936767578125,-18.653198242188,
0.6615,6.1710205078125,12.417114257812,-18.132690429688,
0.662,1.6866455078125,15.540161132812,-16.971557617188,
0.6625,-2.2772216796875,17.542114257812,-15.249877929688,
0.663,-4.8397216796875,18.262817382812,-13.608276367188,
0.6635,-7.6424560546875,18.623168945312,-11.406127929688,
0.664,-11.045776367188,18.142700195312,-7.7225341796875,
0.6645,-14.088745117188,17.421997070312,-3.9989013671875,
0.665,-16.851440429688,16.100708007812,0.0050048828125,
0.6655,-18.733276367188,14.539184570312,3.3282470703125,
0.666,-19.093627929688,12.296997070312,5.8106689453125,
0.6665,-19.173706054688,9.5743408203125,8.6934814453125,
0.667,-18.813354492188,5.8907470703125,12.096801757812,
0.6675,-18.212768554688,2.1671142578125,15.219848632812,
0.668,-16.691284179688,-1.5565185546875,17.381958007812,
0.6685,-15.089721679688,-4.1590576171875,18.503051757812,
0.669,-12.847534179688,-6.9217529296875,18.943481445312,
0.6695,-8.9637451171875,-10.204956054688,18.503051757812,
0.67,-4.7596435546875,-13.448120117188,17.622192382812,
0.6705,-0.3953857421875,-16.170776367188,16.180786132812,
0.671,3.2081298828125,-18.012573242188,14.739379882812,
0.6715,5.6505126953125,-18.453002929688,12.737426757812,
0.672,8.4132080078125,-18.573120117188,10.455200195312,
0.6725,12.136840820312,-18.052612304688,6.4913330078125,
0.673,15.219848632812,-17.131713867188,2.5675048828125,
0.6735,17.462036132812,-15.610229492188,-1.1561279296875,
0.674,18.823364257812,-13.968627929688,-3.9989013671875,
0.6745,19.143676757812,-11.646362304688,-6.6815185546875,
0.675,19.023559570312,-8.3631591796875,-9.8846435546875,
0.6755,18.543090820312,-4.8397216796875,-12.887573242188,
0.676,17.662231445312,-1.0760498046875,-15.890502929688,
0.6765,16.140747070312,2.5274658203125,-17.932495117188,
0.677,14.058715820312,4.9698486328125,-18.372924804688,
0.6775,11.776489257812,7.6925048828125,-18.813354492188,
0.678,7.2120361328125,11.456176757812,-18.172729492188,
0.6785,3.0479736328125,14.499145507812,-17.171752929688,
0.679,-0.9959716796875,16.661254882812,-15.570190429688,
0.6795,-4.0789794921875,18.262817382812,-14.168823242188,
0.68,-6.7215576171875,18.302856445312,-11.926635742188,
0.6805,-9.6444091796875,18.182739257812,-9.0037841796875,
0.681,-13.127807617188,17.662231445312,-5.2801513671875,
0.6815,-16.090698242188,16.461059570312,-1.1561279296875,
0.682,-18.132690429688,14.859497070312,2.4473876953125,
0.6825,-18.853393554688,12.937622070312,5.0098876953125,
0.683,-19.173706054688,10.575317382812,7.6925048828125,
0.6835,-18.933471679688,6.8917236328125,11.416137695312,
0.684,-18.372924804688,3.3682861328125,14.298950195312,
0.6845,-17.131713867188,-0.3153076171875,16.621215820312,
0.685,-15.730346679688,-3.5985107421875,18.543090820312,
0.6855,-13.328002929688,-6.0408935546875,18.623168945312,
0.686,-10.565307617188,-8.8436279296875,18.703247070312,
0.6865,-6.0408935546875,-12.527221679688,18.022583007812,
0.687,-1.5565185546875,-15.570190429688,16.701293945312,
0.6875,2.1270751953125,-17.411987304688,15.219848632812,
0.688,4.9698486328125,-18.453002929688,13.578247070312,
0.6885,7.6524658203125,-18.613159179688,11.296020507812,
0.689,11.095825195312,-18.132690429688,7.4923095703125,
0.6895,14.218872070312,-17.572143554688,3.9688720703125,
0.69,16.941528320312,-16.170776367188,0.0050048828125,
0.6905,18.743286132812,-14.609252929688,-3.3983154296875,
0.691,19.023559570312,-12.327026367188,-5.9207763671875,
0.6915,19.263793945312,-9.8446044921875,-8.6834716796875,
0.692,18.863403320312,-5.8406982421875,-12.447143554688,
0.6925,18.222778320312,-2.1170654296875,-15.369995117188,
0.693,16.701293945312,1.3663330078125,-17.331909179688,
0.6935,15.179809570312,4.4093017578125,-18.853393554688,
0.694,12.497192382812,7.0518798828125,-18.893432617188,
0.6945,8.6934814453125,10.375122070312,-18.533081054688,
0.695,4.6495361328125,13.578247070312,-17.932495117188,
0.6955,0.0050048828125,16.300903320312,-16.290893554688,
0.696,-3.4783935546875,18.062622070312,-14.609252929688,
0.6965,-6.0408935546875,18.463012695312,-12.767456054688,
0.697,-8.7235107421875,18.703247070312,-10.525268554688,
0.6975,-12.607299804688,17.982543945312,-6.0408935546875,
0.698,-15.530151367188,17.021606445312,-2.2772216796875,
0.6985,-17.772338867188,15.540161132812,1.4063720703125,
0.699,-19.293823242188,13.898559570312,4.5294189453125,
0.6995,-19.293823242188,11.296020507812,7.1319580078125,
0.7,-19.373901367188,8.2930908203125,10.214965820312,
0.7005,-18.933471679688,4.4893798828125,13.618286132812,
0.701,-17.892456054688,0.5655517578125,16.541137695312,
0.7015,-16.250854492188,-2.8778076171875,18.262817382812,
0.702,-14.409057617188,-5.4803466796875,19.143676757812,
0.7025,-11.886596679688,-8.2030029296875,19.343872070312,
0.703,-7.0418701171875,-12.206909179688,18.543090820312,
0.7035,-2.9979248046875,-15.049682617188,17.462036132812,
0.704,1.2862548828125,-17.371948242188,15.860473632812,
0.7045,4.5294189453125,-18.893432617188,14.298950195312,
0.705,7.1719970703125,-18.773315429688,11.816528320312,
0.7055,9.9747314453125,-18.853393554688,9.2540283203125,
0.706,13.818481445312,-18.132690429688,4.9298095703125,
0.7065,16.781372070312,-16.731323242188,0.6856689453125,
0.707,18.543090820312,-15.129760742188,-2.6375732421875,
0.7075,19.504028320312,-13.207885742188,-5.5604248046875,
0.708,19.504028320312,-10.565307617188,-8.1629638671875,
0.7085,19.263793945312,-6.7215576171875,-11.766479492188,
0.709,18.743286132812,-3.3582763671875,-14.689331054688,
0.7095,17.421997070312,0.6456298828125,-17.291870117188,
0.71,15.660278320312,3.9688720703125,-18.933471679688,
0.7105,13.137817382812,6.5313720703125,-19.013549804688,
0.711,10.575317382812,9.2540283203125,-19.253784179688,
0.7115,5.4503173828125,13.297973632812,-18.292846679688,
0.712,1.0460205078125,16.020629882812,-16.851440429688,
0.7125,-2.5574951171875,17.862426757812,-15.289916992188,
0.713,-5.6405029296875,19.063598632812,-13.608276367188,
0.7135,-8.3231201171875,18.823364257812,-10.885620117188,
0.714,-11.566284179688,18.422973632812,-7.4822998046875,
0.7145,-14.929565429688,17.782348632812,-3.5985107421875,
0.715,-17.652221679688,16.060668945312,0.7657470703125,
0.7155,-19.093627929688,14.419067382812,3.8487548828125,
0.716,-19.574096679688,12.096801757812,6.5313720703125,
0.7165,-19.694213867188,9.6544189453125,9.0938720703125,
0.717,-19.173706054688,5.2901611328125,13.017700195312,
0.7175,-18.332885742188,1.7667236328125,15.740356445312,
0.718,-16.931518554688,-1.8367919921875,17.902465820312,
0.7185,-15.289916992188,-4.8797607421875,19.343872070312,
0.719,-12.327026367188,-7.5223388671875,19.063598632812,
0.7195,-9.1239013671875,-10.565307617188,19.063598632812,
0.72,-4.3992919921875,-14.248901367188,18.102661132812,
0.7205,0.3653564453125,-16.931518554688,16.260864257812,
0.721,3.5284423828125,-18.332885742188,14.779418945312,
0.7215,6.4112548828125,-19.093627929688,12.897583007812,
0.722,9.0137939453125,-19.013549804688,10.375122070312,
0.7225,12.857543945312,-18.292846679688,5.9708251953125,
0.723,15.900512695312,-17.411987304688,2.2471923828125,
0.7235,18.222778320312,-15.770385742188,-1.7166748046875,
0.724,19.423950195312,-14.048706054688,-4.5994873046875,
0.7245,19.504028320312,-11.326049804688,-7.4022216796875,
0.725,19.624145507812,-8.6434326171875,-10.204956054688,
0.7255,19.143676757812,-4.4793701171875,-13.888549804688,
0.726,17.902465820312,-0.5155029296875,-16.651245117188,
0.7265,16.300903320312,2.8077392578125,-18.332885742188,
0.727,14.419067382812,5.7305908203125,-19.494018554688,
0.7275,11.376098632812,8.3731689453125,-19.293823242188,
0.728,7.0518798828125,12.136840820312,-18.613159179688,
0.7285,2.8477783203125,15.339965820312,-17.852416992188,
0.729,-1.8367919921875,17.782348632812,-15.890502929688,
0.7295,-4.7996826171875,18.943481445312,-14.288940429688,
0.73,-7.6824951171875,19.183715820312,-11.886596679688,
0.7305,-10.525268554688,19.183715820312,-9.2039794921875,
0.731,-14.409057617188,18.262817382812,-4.5594482421875,
0.7315,-17.371948242188,16.901489257812,-0.3553466796875,
0.732,-19.333862304688,15.259887695312,3.2081298828125,
0.7325,-20.294799804688,13.257934570312,6.1309814453125,
0.733,-20.214721679688,10.214965820312,9.0938720703125,
0.7335,-20.014526367188,6.6915283203125,12.377075195312,
0.734,-19.494018554688,2.8477783203125,15.700317382812,
0.7345,-17.932495117188,-1.4364013671875,18.422973632812,
0.735,-16.010620117188,-4.5194091796875,19.704223632812,
0.7355,-13.928588867188,-7.4822998046875,20.344848632812,
0.736,-10.485229492188,-10.405151367188,20.144653320312,
0.7365,-5.1600341796875,-14.369018554688,18.943481445312,
0.737,-0.7156982421875,-17.251831054688,17.622192382812,
0.7375,3.5284423828125,-19.293823242188,15.740356445312,
0.738,6.4512939453125,-20.094604492188,13.818481445312,
0.7385,9.5743408203125,-19.814331054688,10.855590820312,
0.739,12.777465820312,-19.614135742188,7.4923095703125,
0.7395,16.380981445312,-18.573120117188,2.9278564453125,
0.74,19.143676757812,-16.811401367188,-1.6365966796875,
0.7405,20.545043945312,-14.929565429688,-4.7996826171875,
0.741,21.105590820312,-12.487182617188,-7.8026123046875,
0.7415,20.865356445312,-9.2840576171875,-10.765502929688,
0.742,20.224731445312,-4.9998779296875,-14.409057617188,
0.7425,19.343872070312,-1.2362060546875,-17.371948242188,
0.743,17.622192382812,2.9678955078125,-19.814331054688,
0.7435,15.420043945312,6.0108642578125,-20.655151367188,
0.744,12.417114257812,8.9737548828125,-20.735229492188,
0.7445,8.6534423828125,12.296997070312,-20.414916992188,
0.745,3.4483642578125,16.020629882812,-19.093627929688,
0.7455,-1.4364013671875,18.543090820312,-17.051635742188,
0.746,-4.9197998046875,20.144653320312,-15.369995117188,
0.7465,-7.8826904296875,20.625122070312,-13.127807617188,
0.747,-10.965698242188,20.184692382812,-9.8045654296875,
0.7475,-14.529174804688,19.504028320312,-5.7205810546875,
0.748,-17.892456054688,18.222778320312,-1.2762451171875,
0.7485,-20.334838867188,16.180786132812,3.2081298828125,
0.749,-21.215698242188,14.098754882812,6.1309814453125,
0.7495,-21.536010742188,11.296020507812,9.2540283203125,
0.75,-21.255737304688,7.8126220703125,12.417114257812,
0.7505,-20.374877929688,3.5284423828125,15.980590820312,
0.751,-18.933471679688,-0.6756591796875,18.623168945312,
0.7515,-17.171752929688,-4.4393310546875,20.745239257812,
0.752,-14.769409179688,-7.3221435546875,21.225708007812,
0.7525,-11.366088867188,-10.365112304688,20.945434570312,
0.753,-7.0418701171875,-13.888549804688,20.264770507812,
0.7535,-1.9569091796875,-17.331909179688,18.863403320312,
0.754,2.8878173828125,-19.574096679688,16.541137695312,
0.7545,5.9708251953125,-20.615112304688,14.739379882812,
0.755,9.0137939453125,-21.135620117188,12.176879882812,
0.7555,12.296997070312,-20.334838867188,8.6534423828125,
0.756,15.860473632812,-19.373901367188,4.2891845703125,
0.7565,18.903442382812,-17.892456054688,-0.2752685546875,
0.757,21.065551757812,-15.890502929688,-4.3192138671875,
0.7575,21.465942382812,-13.488159179688,-7.1219482421875,
0.758,21.425903320312,-10.565307617188,-10.285034179688,
0.7585,21.105590820312,-6.5614013671875,-13.768432617188,
0.759,20.304809570312,-2.4373779296875,-17.091674804688,
0.7595,18.422973632812,1.8868408203125,-19.453979492188,
0.76,16.581176757812,5.2501220703125,-21.095581054688,
0.7605,13.898559570312,8.2130126953125,-21.415893554688,
0.761,9.9346923828125,11.536254882812,-20.855346679688,
0.7615,5.2901611328125,15.059692382812,-19.934448242188,
0.762,0.3653564453125,18.262817382812,-18.372924804688,
0.7625,-4.1590576171875,20.304809570312,-16.170776367188,
0.763,-7.0418701171875,20.825317382812,-14.088745117188,
0.7635,-10.124877929688,20.945434570312,-11.406127929688,
0.764,-13.808471679688,20.224731445312,-7.2020263671875,
0.7645,-17.211791992188,19.103637695312,-2.7576904296875,
0.765,-19.894409179688,17.301879882812,1.7266845703125,
0.7655,-21.776245117188,15.339965820312,5.4503173828125,
0.766,-21.936401367188,12.617309570312,8.3731689453125,
0.7665,-21.816284179688,9.2139892578125,11.656372070312,
0.767,-21.175659179688,5.0499267578125,15.179809570312,
0.7675,-20.214721679688,0.8057861328125,18.543090820312,
0.768,-18.132690429688,-3.4783935546875,20.665161132812,
0.7685,-16.010620117188,-6.4412841796875,21.626098632812,
0.769,-13.167846679688,-9.5242919921875,21.906372070312,
0.7695,-8.4832763671875,-13.207885742188,21.065551757812,
0.77,-3.7186279296875,-16.531127929688,19.784301757812,
0.7705,1.3262939453125,-19.333862304688,17.822387695312,
0.771,5.4102783203125,-21.175659179688,15.860473632812,
0.7715,8.2530517578125,-21.215698242188,13.297973632812,
0.772,11.376098632812,-21.175659179688,10.375122070312,
0.7725,15.339965820312,-20.374877929688,5.7305908203125,
0.773,18.663208007812,-18.933471679688,1.1260986328125,
0.7735,20.985473632812,-16.931518554688,-3.1981201171875,
0.774,22.266723632812,-14.809448242188,-6.5213623046875,
0.7745,22.386840820312,-11.846557617188,-9.6444091796875,
0.775,21.986450195312,-7.8426513671875,-13.328002929688,
0.7755,21.105590820312,-3.8787841796875,-16.491088867188,
0.776,19.784301757812,0.6055908203125,-19.534057617188,
0.7765,17.622192382812,4.7296142578125,-21.576049804688,
0.777,14.899536132812,7.6524658203125,-21.776245117188,
0.7775,11.936645507812,10.735473632812,-22.016479492188,
0.778,6.6114501953125,14.859497070312,-20.975463867188,
0.7785,1.6866455078125,17.942504882812,-19.453979492188,
0.779,-2.8778076171875,20.224731445312,-17.291870117188,
0.7795,-6.6414794921875,21.706176757812,-15.369995117188,
0.78,-9.6444091796875,21.465942382812,-12.367065429688,
0.7805,-12.967651367188,21.065551757812,-8.8436279296875,
0.781,-16.691284179688,20.184692382812,-4.3192138671875,
0.7815,-19.974487304688,18.382934570312,0.6856689453125,
0.782,-21.936401367188,16.180786132812,4.7696533203125,
0.7825,-22.577026367188,13.738403320312,7.7725830078125,
0.783,-22.697143554688,10.735473632812,10.895629882812,
0.7835,-22.056518554688,6.0909423828125,14.979614257812,
0.784,-21.015502929688,2.0870361328125,17.942504882812,
0.7845,-19.253784179688,-2.1971435546875,20.464965820312,
0.785,-17.291870117188,-6.0408935546875,22.386840820312,
0.7855,-14.048706054688,-8.8836669921875,22.066528320312,
0.786,-10.645385742188,-12.006713867188,21.906372070312,
0.7865,-5.2801513671875,-16.010620117188,20.745239257812,
0.787,0.0450439453125,-19.173706054688,18.823364257812,
0.7875,4.2091064453125,-20.895385742188,16.661254882812,
0.788,7.5323486328125,-21.856323242188,14.579223632812,
0.7885,10.615356445312,-21.656127929688,11.536254882812,
0.789,14.379028320312,-20.815307617188,7.0919189453125,
0.7895,17.702270507812,-19.854370117188,2.9278564453125,
0.79,20.625122070312,-17.932495117188,-1.8768310546875,
0.7905,22.306762695312,-15.770385742188,-5.6405029296875,
0.791,22.346801757812,-12.847534179688,-8.5633544921875,
0.7915,22.426879882812,-9.9246826171875,-11.606323242188,
0.792,21.626098632812,-5.1199951171875,-15.690307617188,
0.7925,20.424926757812,-0.9559326171875,-18.733276367188,
0.793,18.422973632812,3.1280517578125,-20.655151367188,
0.7935,16.380981445312,6.6514892578125,-22.136596679688,
0.794,12.937622070312,9.6143798828125,-21.856323242188,
0.7945,8.6134033203125,13.217895507812,-21.215698242188,
0.795,3.9688720703125,16.661254882812,-20.254760742188,
0.7955,-1.4364013671875,19.624145507812,-18.052612304688,
0.796,-5.2801513671875,21.105590820312,-16.010620117188,
0.7965,-8.2830810546875,21.465942382812,-13.528198242188,
0.797,-11.326049804688,21.465942382812,-10.765502929688,
0.7975,-15.530151367188,20.344848632812,-5.6405029296875,
0.798,-18.693237304688,19.023559570312,-1.2362060546875,
0.7985,-21.095581054688,17.021606445312,3.0479736328125,
0.799,-22.496948242188,14.939575195312,6.5313720703125,
0.7995,-22.296752929688,11.696411132812,9.6143798828125,
0.8,-22.176635742188,8.2930908203125,12.937622070312,
0.8005,-21.455932617188,3.8487548828125,16.621215820312,
0.801,-19.974487304688,-0.7557373046875,19.744262695312,
0.8015,-17.812377929688,-4.5194091796875,21.465942382812,
0.802,-15.570190429688,-7.6024169921875,22.266723632812,
0.8025,-12.286987304688,-10.645385742188,22.146606445312,
0.803,-6.7615966796875,-14.849487304688,21.025512695312,
0.8035,-2.2772216796875,-17.972534179688,19.824340820312,
0.804,2.8077392578125,-20.494995117188,17.622192382812,
0.8045,6.4913330078125,-21.856323242188,15.540161132812,
0.805,9.5343017578125,-21.736206054688,12.537231445312,
0.8055,12.777465820312,-21.616088867188,9.4542236328125,
0.806,16.941528320312,-20.494995117188,4.3292236328125,
0.8065,20.344848632812,-18.573120117188,-0.6756591796875,
0.807,22.026489257812,-16.691284179688,-4.4393310546875,
0.8075,22.987426757812,-14.328979492188,-7.7225341796875,
0.808,22.707153320312,-10.925659179688,-10.805541992188,
0.8085,22.146606445312,-6.6014404296875,-14.769409179688,
0.809,21.345825195312,-2.5574951171875,-17.972534179688,
0.8095,19.584106445312,2.1270751953125,-20.815307617188,
0.81,17.221801757812,5.8507080078125,-22.296752929688,
0.8105,14.218872070312,8.9337158203125,-22.376831054688,
0.811,10.855590820312,12.176879882812,-22.376831054688,
0.8115,4.8497314453125,16.501098632812,-20.895385742188,
0.812,-0.1551513671875,19.423950195312,-19.173706054688,
0.8125,-4.3592529296875,21.385864257812,-17.091674804688,
0.813,-7.8026123046875,22.426879882812,-14.929565429688,
0.8135,-11.165893554688,21.906372070312,-11.326049804688,
0.814,-14.729370117188,21.305786132812,-7.4022216796875,
0.8145,-18.453002929688,20.224731445312,-2.7176513671875,
0.815,-21.415893554688,17.942504882812,2.4874267578125,
0.8155,-22.737182617188,15.780395507812,5.9307861328125,
0.816,-23.217651367188,12.937622070312,9.2139892578125,
0.8165,-22.937377929688,9.6544189453125,12.216918945312,
0.817,-22.096557617188,4.7296142578125,16.380981445312,
0.8175,-20.815307617188,0.6055908203125,19.303833007812,
0.818,-18.973510742188,-3.6785888671875,21.706176757812,
0.8185,-16.651245117188,-7.1619873046875,22.827270507812,
0.819,-12.967651367188,-10.285034179688,22.426879882812,
0.8195,-9.1639404296875,-13.648315429688,22.106567382812,
0.82,-3.5184326171875,-17.652221679688,20.665161132812,
0.8205,1.9268798828125,-20.374877929688,18.262817382812,
0.821,5.4903564453125,-21.776245117188,16.260864257812,
0.8215,8.8536376953125,-22.416870117188,13.858520507812,
0.822,12.016723632812,-21.896362304688,10.375122070312,
0.8225,15.980590820312,-20.855346679688,5.6104736328125,
0.823,19.263793945312,-19.574096679688,1.2061767578125,
0.8235,21.826293945312,-17.411987304688,-3.5584716796875,
0.824,22.747192382812,-15.049682617188,-6.7615966796875,
0.8245,22.747192382812,-11.846557617188,-10.084838867188,
0.825,22.466918945312,-8.4832763671875,-13.127807617188,
0.8255,21.546020507812,-3.7186279296875,-16.971557617188,
0.826,19.864379882812,0.9659423828125,-19.574096679688,
0.8265,17.902465820312,4.4893798828125,-21.536010742188,
0.827,15.460083007812,7.7325439453125,-22.456909179688,
0.8275,11.656372070312,10.855590820312,-21.856323242188,
0.828,7.0118408203125,14.659301757812,-21.135620117188,
0.8285,2.1671142578125,18.062622070312,-19.894409179688,
0.829,-3.1580810546875,20.545043945312,-17.371948242188,
0.8295,-6.3612060546875,21.505981445312,-15.410034179688,
0.83,-9.4842529296875,21.746215820312,-12.687377929688,
0.8305,-12.767456054688,21.265747070312,-9.2440185546875,
0.831,-16.691284179688,20.104614257812,-4.2791748046875,
0.8315,-19.734252929688,18.422973632812,0.3653564453125,
0.832,-21.776245117188,16.421020507812,4.4093017578125,
0.8325,-22.456909179688,13.938598632812,7.3721923828125,
0.833,-22.296752929688,10.575317382812,10.615356445312,
0.8335,-21.856323242188,6.8116455078125,14.098754882812,
0.834,-21.095581054688,2.5274658203125,17.622192382812,
0.8345,-19.133666992188,-2.0770263671875,20.264770507812,
0.835,-17.051635742188,-5.4002685546875,21.546020507812,
0.8355,-14.609252929688,-8.4031982421875,22.186645507812,
0.836,-10.765502929688,-11.606323242188,21.626098632812,
0.8365,-5.4002685546875,-15.570190429688,20.384887695312,
0.837,-0.6756591796875,-18.573120117188,18.903442382812,
0.8375,3.9288330078125,-20.815307617188,16.781372070312,
0.838,7.0518798828125,-21.415893554688,14.579223632812,
0.8385,10.214965820312,-21.295776367188,11.536254882812,
0.839,13.698364257812,-20.855346679688,7.8126220703125,
0.8395,17.421997070312,-19.734252929688,3.0479736328125,
0.84,20.184692382812,-17.772338867188,-1.5965576171875,
0.8405,21.746215820312,-15.730346679688,-4.9998779296875,
0.841,22.226684570312,-13.127807617188,-8.1629638671875,
0.8415,21.826293945312,-9.7244873046875,-11.286010742188,
0.842,21.185668945312,-5.4403076171875,-14.929565429688,
0.8425,20.304809570312,-1.3563232421875,-18.092651367188,
0.843,18.422973632812,3.0079345703125,-20.575073242188,
0.8435,16.060668945312,6.0909423828125,-21.375854492188,
0.844,13.177856445312,9.1339111328125,-21.656127929688,
0.8445,8.9737548828125,12.737426757812,-21.175659179688,
0.845,3.8087158203125,16.461059570312,-19.854370117188,
0.8455,-1.0760498046875,19.103637695312,-17.892456054688,
0.846,-4.8397216796875,20.825317382812,-16.090698242188,
0.8465,-7.9627685546875,21.185668945312,-13.728393554688,
0.847,-11.045776367188,20.825317382812,-10.365112304688,
0.8475,-14.769409179688,20.144653320312,-6.2010498046875,
0.848,-18.132690429688,18.903442382812,-1.6365966796875,
0.8485,-20.815307617188,16.661254882812,3.0079345703125,
0.849,-21.656127929688,14.699340820312,5.9307861328125,
0.8495,-21.936401367188,11.856567382812,9.0538330078125,
0.85,-21.536010742188,8.1729736328125,12.417114257812,
0.8505,-20.775268554688,3.8887939453125,15.940551757812,
0.851,-19.413940429688,-0.2752685546875,18.703247070312,
0.8515,-17.692260742188,-4.1190185546875,20.905395507812,
0.852,-15.249877929688,-7.0018310546875,21.385864257812,
0.8525,-12.006713867188,-9.9647216796875,21.185668945312,
0.853,-7.5223388671875,-13.728393554688,20.625122070312,
0.8535,-2.3973388671875,-17.251831054688,19.183715820312,
0.854,2.3673095703125,-19.494018554688,16.981567382812,
0.8545,5.5303955078125,-20.695190429688,15.259887695312,
0.855,8.5733642578125,-21.015502929688,12.817504882812,
0.8555,11.856567382812,-20.494995117188,9.0538330078125,
0.856,15.420043945312,-19.614135742188,4.8497314453125,
0.8565,18.543090820312,-18.372924804688,0.4854736328125,
0.857,20.785278320312,-16.210815429688,-3.6785888671875,
0.8575,21.185668945312,-13.888549804688,-6.4012451171875,
0.858,21.305786132812,-10.965698242188,-9.4842529296875,
0.8585,20.905395507812,-7.0819091796875,-13.007690429688,
0.859,20.184692382812,-2.9979248046875,-16.370971679688,
0.8595,18.463012695312,1.1260986328125,-18.733276367188,
0.86,16.701293945312,4.4893798828125,-20.454956054688,
0.8605,14.138793945312,7.3721923828125,-20.815307617188,
0.861,10.455200195312,10.535278320312,-20.374877929688,
0.8615,5.9708251953125,14.138793945312,-19.574096679688,
0.862,1.1260986328125,17.341918945312,-18.212768554688,
0.8625,-3.1981201171875,19.343872070312,-16.170776367188,
0.863,-5.9608154296875,19.984497070312,-14.248901367188,
0.8635,-8.9237060546875,20.224731445312,-11.726440429688,
0.864,-12.527221679688,19.544067382812,-7.7225341796875,
0.8645,-15.890502929688,18.703247070312,-3.5584716796875,
0.865,-18.533081054688,17.021606445312,0.6456298828125,
0.8655,-20.414916992188,15.219848632812,4.2091064453125,
0.866,-20.655151367188,12.737426757812,6.9718017578125,
0.8665,-20.655151367188,9.6544189453125,10.014770507812,
0.867,-20.174682617188,5.7706298828125,13.458129882812,
0.8675,-19.373901367188,1.7667236328125,16.741333007812,
0.868,-17.612182617188,-2.2371826171875,18.903442382812,
0.8685,-15.810424804688,-4.9998779296875,19.944458007812,
0.869,-13.247924804688,-7.8826904296875,20.384887695312,
0.8695,-9.0838623046875,-11.165893554688,19.744262695312,
0.87,-4.5994873046875,-14.649291992188,18.703247070312,
0.8705,0.0050048828125,-17.371948242188,17.141723632812,
0.871,3.8487548828125,-19.293823242188,15.420043945312,
0.8715,6.4913330078125,-19.574096679688,13.297973632812,
0.872,9.3341064453125,-19.654174804688,10.695434570312,
0.8725,13.097778320312,-19.093627929688,6.5714111328125,
0.873,16.340942382812,-17.972534179688,2.3673095703125,
0.8735,18.663208007812,-16.290893554688,-1.5965576171875,
0.874,19.944458007812,-14.529174804688,-4.6395263671875,
0.8745,20.224731445312,-12.006713867188,-7.4422607421875,
0.875,20.064575195312,-8.5233154296875,-10.765502929688,
0.8755,19.544067382812,-4.8397216796875,-13.968627929688,
0.876,18.503051757812,-1.0360107421875,-17.131713867188,
0.8765,16.901489257812,2.8878173828125,-19.053588867188,
0.877,14.659301757812,5.5303955078125,-19.494018554688,
0.8775,12.136840820312,8.3731689453125,-19.774291992188,
0.878,7.4923095703125,12.216918945312,-19.173706054688,
0.8785,3.0479736328125,15.339965820312,-18.012573242188,
0.879,-1.1561279296875,17.582153320312,-16.290893554688,
0.8795,-4.5194091796875,19.103637695312,-14.769409179688,
0.88,-7.1619873046875,19.183715820312,-12.367065429688,
0.8805,-10.244995117188,18.903442382812,-9.2840576171875,
0.881,-13.808471679688,18.382934570312,-5.3602294921875,
0.8815,-16.811401367188,17.061645507812,-1.1160888671875,
0.882,-18.933471679688,15.339965820312,2.6876220703125,
0.8825,-19.614135742188,13.378051757812,5.2901611328125,
0.883,-19.894409179688,10.895629882812,8.1329345703125,
0.8835,-19.574096679688,6.9718017578125,11.736450195312,
0.884,-19.013549804688,3.4083251953125,14.739379882812,
0.8845,-17.732299804688,-0.3553466796875,17.221801757812,
0.885,-16.250854492188,-3.7186279296875,19.143676757812,
0.8855,-13.768432617188,-6.2811279296875,19.263793945312,
0.886,-10.885620117188,-9.0838623046875,19.223754882812,
0.8865,-6.3612060546875,-12.807495117188,18.543090820312,
0.887,-1.6766357421875,-15.890502929688,17.221801757812,
0.8875,2.1671142578125,-17.812377929688,15.500122070312,
0.888,4.9298095703125,-18.773315429688,13.938598632812,
0.8885,7.6524658203125,-18.973510742188,11.616333007812,
0.889,11.175903320312,-18.453002929688,7.8126220703125,
0.8895,14.258911132812,-17.892456054688,4.2091064453125,
0.89,16.981567382812,-16.491088867188,0.2452392578125,
0.8905,18.903442382812,-14.889526367188,-3.2381591796875,
0.891,19.143676757812,-12.567260742188,-5.7606201171875,
0.8915,19.343872070312,-10.084838867188,-8.4832763671875,
0.892,18.983520507812,-6.1209716796875,-12.166870117188,
0.8925,18.342895507812,-2.4373779296875,-15.209838867188,
0.893,16.861450195312,1.1260986328125,-17.211791992188,
0.8935,15.380004882812,4.0889892578125,-18.733276367188,
0.894,12.817504882812,6.7315673828125,-18.933471679688,
0.8945,9.0137939453125,10.054809570312,-18.493041992188,
0.895,5.0899658203125,13.257934570312,-17.932495117188,
0.8955,0.4854736328125,16.060668945312,-16.370971679688,
0.896,-3.0780029296875,17.822387695312,-14.809448242188,
0.8965,-5.6004638671875,18.182739257812,-12.967651367188,
0.897,-8.4031982421875,18.503051757812,-10.885620117188,
0.8975,-12.126831054688,17.902465820312,-6.4412841796875,
0.898,-15.009643554688,16.981567382812,-2.7576904296875,
0.8985,-17.331909179688,15.620239257812,0.9259033203125,
0.899,-18.893432617188,14.018676757812,4.0089111328125,
0.8995,-19.053588867188,11.576293945312,6.5313720703125,
0.9,-19.093627929688,8.6134033203125,9.6143798828125,
0.9005,-18.773315429688,4.9698486328125,12.937622070312,
0.901,-17.892456054688,1.1260986328125,15.980590820312,
0.9015,-16.370971679688,-2.3172607421875,17.822387695312,
0.902,-14.569213867188,-4.8397216796875,18.623168945312,
0.9025,-12.206909179688,-7.5623779296875,19.023559570312,
0.903,-7.4822998046875,-11.406127929688,18.222778320312,
0.9035,-3.5584716796875,-14.288940429688,17.421997070312,
0.904,0.6456298828125,-16.691284179688,15.860473632812,
0.9045,3.9288330078125,-18.252807617188,14.379028320312,
0.905,6.4112548828125,-18.292846679688,12.136840820312,
0.9055,9.2540283203125,-18.453002929688,9.6143798828125,
0.906,12.977661132812,-17.972534179688,5.4503173828125,
0.9065,15.980590820312,-16.691284179688,1.4063720703125,
0.907,17.942504882812,-15.249877929688,-1.9969482421875,
0.9075,18.943481445312,-13.448120117188,-4.7596435546875,
0.908,19.103637695312,-11.005737304688,-7.3221435546875,
0.9085,18.943481445312,-7.2020263671875,-11.005737304688,
0.909,18.543090820312,-3.9188232421875,-13.928588867188,
0.9095,17.421997070312,0.0050048828125,-16.611206054688,
0.91,15.820434570312,3.2481689453125,-18.372924804688,
0.9105,13.418090820312,5.7706298828125,-18.533081054688,
0.911,10.935668945312,8.5333251953125,-18.853393554688,
0.9115,6.0909423828125,12.617309570312,-17.972534179688,
0.912,1.6866455078125,15.339965820312,-16.731323242188,
0.9125,-1.9168701171875,17.181762695312,-15.329956054688,
0.913,-4.9598388671875,18.503051757812,-13.768432617188,
0.9135,-7.5623779296875,18.422973632812,-11.245971679688,
0.914,-10.845581054688,18.062622070312,-7.8026123046875,
0.9145,-14.208862304688,17.622192382812,-4.1190185546875,
0.915,-16.971557617188,16.060668945312,0.1251220703125,
0.9155,-18.573120117188,14.539184570312,3.2481689453125,
0.916,-19.093627929688,12.337036132812,5.8907470703125,
0.9165,-19.373901367188,9.9747314453125,8.5333251953125,
0.917,-18.973510742188,5.6905517578125,12.457153320312,
0.9175,-18.252807617188,2.1671142578125,15.259887695312,
0.918,-16.931518554688,-1.3162841796875,17.421997070312,
0.9185,-15.410034179688,-4.4393310546875,19.023559570312,
0.919,-12.567260742188,-7.0018310546875,18.823364257812,
0.9195,-9.3240966796875,-10.124877929688,18.743286132812,
0.92,-4.7996826171875,-13.808471679688,17.982543945312,
0.9205,-0.1951904296875,-16.531127929688,16.300903320312,
0.921,3.1680908203125,-17.972534179688,14.779418945312,
0.9215,5.9307861328125,-18.773315429688,12.977661132812,
0.922,8.5733642578125,-18.773315429688,10.575317382812,
0.9225,12.457153320312,-18.092651367188,6.2110595703125,
0.923,15.420043945312,-17.371948242188,2.5274658203125,
0.9235,17.902465820312,-15.890502929688,-1.2762451171875,
0.924,19.183715820312,-14.128784179688,-4.2791748046875,
0.9245,19.263793945312,-11.566284179688,-6.9217529296875,
0.925,19.423950195312,-8.8035888671875,-9.8446044921875,
0.9255,18.983520507812,-4.7596435546875,-13.448120117188,
0.926,17.862426757812,-0.8358154296875,-16.330932617188,
0.9265,16.340942382812,2.4073486328125,-17.972534179688,
0.927,14.579223632812,5.2901611328125,-19.173706054688,
0.9275,11.696411132812,7.9327392578125,-19.013549804688,
0.928,7.2120361328125,11.656372070312,-18.372924804688,
0.9285,3.2081298828125,14.739379882812,-17.692260742188,
0.929,-1.2762451171875,17.221801757812,-15.890502929688,
0.9295,-4.3192138671875,18.503051757812,-14.288940429688,
0.93,-7.0018310546875,18.703247070312,-12.046752929688,
0.9305,-9.8446044921875,18.703247070312,-9.4442138671875,
0.931,-13.968627929688,17.902465820312,-4.8797607421875,
0.9315,-16.651245117188,16.661254882812,-0.8358154296875,
0.932,-18.573120117188,15.139770507812,2.5274658203125,
0.9325,-19.534057617188,13.257934570312,5.3702392578125,
0.933,-19.453979492188,10.535278320312,8.0128173828125,
0.9335,-19.333862304688,7.0118408203125,11.416137695312,
0.934,-18.933471679688,3.4483642578125,14.619262695312,
0.9345,-17.572143554688,-0.6356201171875,17.301879882812,
0.935,-15.810424804688,-3.7186279296875,18.703247070312,
0.9355,-13.648315429688,-6.4012451171875,19.223754882812,
0.936,-10.845581054688,-9.1239013671875,19.223754882812,
0.9365,-5.7205810546875,-13.127807617188,18.182739257812,
0.937,-1.4764404296875,-15.890502929688,16.981567382812,
0.9375,2.4073486328125,-17.932495117188,15.420043945312,
0.938,5.3702392578125,-18.933471679688,13.698364257812,
0.9385,8.1329345703125,-18.813354492188,10.975708007812,
0.939,11.255981445312,-18.613159179688,7.8126220703125,
0.9395,14.819458007812,-17.892456054688,3.7286376953125,
0.94,17.622192382812,-16.290893554688,-0.6356201171875,
0.9405,18.943481445312,-14.929565429688,-3.6785888671875,
0.941,19.664184570312,-12.447143554688,-6.3612060546875,
0.9415,19.504028320312,-9.7244873046875,-9.0037841796875,
0.942,19.063598632812,-5.6004638671875,-12.687377929688,
0.9425,18.382934570312,-2.0770263671875,-15.570190429688,
0.943,16.981567382812,1.6466064453125,-17.932495117188,
0.9435,15.059692382812,4.6094970703125,-19.013549804688,
0.944,12.296997070312,7.3721923828125,-19.013549804688,
0.9445,9.0938720703125,10.415161132812,-19.093627929688,
0.945,4.2091064453125,14.218872070312,-18.012573242188,
0.9455,-0.3953857421875,16.781372070312,-16.250854492188,
0.946,-3.5584716796875,18.302856445312,-14.849487304688,
0.9465,-6.4012451171875,19.063598632812,-12.967651367188,
0.947,-9.1639404296875,18.783325195312,-10.124877929688,
0.9475,-12.807495117188,18.222778320312,-6.1209716796875,
0.948,-15.970581054688,17.381958007812,-2.1971435546875,
0.9485,-18.332885742188,15.620239257812,1.9268798828125,
0.949,-19.413940429688,13.898559570312,4.6495361328125,
0.9495,-19.774291992188,11.376098632812,7.4923095703125,
0.95,-19.734252929688,8.4532470703125,10.335083007812,
0.9505,-19.173706054688,4.2491455078125,14.018676757812,
0.951,-17.972534179688,0.4454345703125,16.701293945312,
0.9515,-16.531127929688,-2.9578857421875,18.623168945312,
0.952,-14.609252929688,-5.7606201171875,19.544067382812,
0.9525,-11.526245117188,-8.5233154296875,19.223754882812,
0.953,-7.4822998046875,-12.006713867188,18.863403320312,
0.9535,-2.9178466796875,-15.410034179688,17.862426757812,
0.954,1.7266845703125,-17.772338867188,15.860473632812,
0.9545,4.5294189453125,-18.853393554688,14.379028320312,
0.955,7.3721923828125,-19.333862304688,12.216918945312,
0.9555,10.375122070312,-19.053588867188,9.0938720703125,
0.956,14.098754882812,-18.252807617188,4.8096923828125,
0.9565,17.061645507812,-17.051635742188,0.7657470703125,
0.957,19.223754882812,-15.450073242188,-2.9979248046875,
0.9575,19.864379882812,-13.408081054688,-5.6805419921875,
0.958,19.904418945312,-10.525268554688,-8.6434326171875,
0.9585,19.744262695312,-7.0819091796875,-11.846557617188,
0.959,19.223754882812,-3.1981201171875,-15.249877929688,
0.9595,17.622192382812,0.8858642578125,-17.812377929688,
0.96,15.980590820312,4.0089111328125,-19.213745117188,
0.9605,13.658325195312,6.8116455078125,-19.894409179688,
0.961,10.214965820312,9.9346923828125,-19.534057617188,
0.9615,5.5704345703125,13.578247070312,-18.693237304688,
0.962,1.1260986328125,16.661254882812,-17.492065429688,
0.9625,-3.1981201171875,18.783325195312,-15.650268554688,
0.963,-5.9207763671875,19.463989257812,-13.768432617188,
0.9635,-8.9237060546875,19.584106445312,-11.125854492188,
0.964,-12.327026367188,19.183715820312,-7.5623779296875,
0.9645,-15.810424804688,18.182739257812,-3.1981201171875,
0.965,-18.533081054688,16.581176757812,1.1260986328125,
0.9655,-20.254760742188,14.779418945312,4.4893798828125,
0.966,-20.655151367188,12.377075195312,7.3721923828125,
0.9665,-20.494995117188,9.2540283203125,10.495239257812,
0.967,-20.014526367188,5.2501220703125,13.898559570312,
0.9675,-19.293823242188,1.3262939453125,17.101684570312,
0.968,-17.612182617188,-2.8377685546875,19.463989257812,
0.9685,-15.450073242188,-5.7606201171875,20.264770507812,
0.969,-12.807495117188,-8.6434326171875,20.625122070312,
0.9695,-8.6834716796875,-12.086791992188,20.104614257812,
0.97,-3.7987060546875,-15.530151367188,18.903442382812,
0.9705,0.9259033203125,-18.252807617188,17.141723632812,
0.971,4.7296142578125,-20.134643554688,15.420043945312,
0.9715,7.5323486328125,-20.374877929688,13.057739257812,
0.972,10.615356445312,-20.214721679688,10.094848632812,
0.9725,14.379028320312,-19.614135742188,5.9307861328125,
0.973,17.702270507812,-18.372924804688,1.4864501953125,
0.9735,20.104614257812,-16.451049804688,-2.8377685546875,
0.974,21.185668945312,-14.449096679688,-5.9207763671875,
0.9745,21.465942382812,-11.646362304688,-8.7235107421875,
0.975,21.105590820312,-7.8826904296875,-12.407104492188,
0.9755,20.344848632812,-3.9188232421875,-15.650268554688,
0.976,19.103637695312,0.2852783203125,-18.573120117188,
0.9765,17.221801757812,4.2091064453125,-20.735229492188,
0.977,14.659301757812,7.0919189453125,-21.015502929688,
0.9775,11.656372070312,10.094848632812,-21.095581054688,
0.978,6.7716064453125,14.018676757812,-20.294799804688,
0.9785,1.9268798828125,17.301879882812,-18.933471679688,
0.979,-2.6776123046875,19.504028320312,-16.811401367188,
0.9795,-6.1209716796875,20.865356445312,-15.049682617188,
0.98,-9.0438232421875,20.865356445312,-12.327026367188,
0.9805,-12.367065429688,20.344848632812,-8.6834716796875,
0.981,-15.970581054688,19.544067382812,-4.4393310546875,
0.9815,-19.173706054688,17.942504882812,0.3253173828125,
0.982,-21.215698242188,15.900512695312,4.4093017578125,
0.9825,-21.736206054688,13.458129882812,7.2520751953125,
0.983,-21.856323242188,10.535278320312,10.335083007812,
0.9835,-21.255737304688,6.2110595703125,14.098754882812,
0.984,-20.374877929688,2.2471923828125,17.301879882812,
0.9845,-18.693237304688,-1.9569091796875,19.624145507812,
0.985,-16.811401367188,-5.5604248046875,21.505981445312,
0.9855,-13.848510742188,-8.3231201171875,21.425903320312,
0.986,-10.485229492188,-11.446166992188,21.145629882812,
0.9865,-5.4803466796875,-15.249877929688,20.144653320312,
0.987,-0.3153076171875,-18.453002929688,18.422973632812,
0.9875,3.9688720703125,-20.254760742188,16.300903320312,
0.988,6.9718017578125,-21.055541992188,14.298950195312,
0.9885,10.054809570312,-21.135620117188,11.496215820312,
0.989,13.778442382812,-20.254760742188,7.0919189453125,
0.9895,17.021606445312,-19.293823242188,3.0479736328125,
0.99,19.864379882812,-17.532104492188,-1.5164794921875,
0.9905,21.706176757812,-15.530151367188,-5.2801513671875,
0.991,21.706176757812,-12.687377929688,-8.0828857421875,
0.9915,21.746215820312,-9.6844482421875,-11.245971679688,
0.992,21.065551757812,-5.2801513671875,-15.009643554688,
0.9925,19.984497070312,-1.1561279296875,-18.172729492188,
0.993,18.062622070312,2.9278564453125,-20.134643554688,
0.9935,16.020629882812,6.2510986328125,-21.495971679688,
0.994,12.937622070312,9.2139892578125,-21.576049804688,
0.9945,8.4932861328125,12.857543945312,-20.775268554688,
0.995,4.0889892578125,16.140747070312,-19.854370117188,
0.9955,-1.1561279296875,19.103637695312,-17.812377929688,
0.996,-5.1199951171875,20.785278320312,-15.810424804688,
0.9965,-7.9627685546875,20.945434570312,-13.448120117188,
0.997,-11.005737304688,21.065551757812,-10.685424804688,
0.9975,-15.129760742188,20.064575195312,-5.7205810546875,
0.998,-18.332885742188,18.743286132812,-1.3162841796875,
0.9985,-20.695190429688,16.861450195312,2.8878173828125,
0.999,-22.136596679688,14.779418945312,6.3712158203125,
0.9995,-22.056518554688,11.656372070312,9.2940673828125,